{
  "A": [
    [
      4.699667478296504, -3.620836582093244, -0.7369452021504701, 0.7369452021504701,
      -0.139556064629649, -0.39985938347198113, -0.39985938347198113, -0.139556064629649
    ],
    [
      -3.620836582093244, 11.068512249859417, -3.6072382838186705, -0.7369452021504701,
      -0.39985938347198113, -1.1518867074265358, -1.1518867074265355, -0.39985938347198113
    ],
    [
      -0.7369452021504701, -3.6072382838186705, 11.068512249859419, -3.620836582093244,
      -0.39985938347198113, -1.1518867074265355, -1.1518867074265355, -0.39985938347198113
    ],
    [
      0.7369452021504701, -0.7369452021504701, -3.620836582093244, 4.699667478296504,
      -0.139556064629649, -0.39985938347198113, -0.39985938347198113, -0.139556064629649
    ],
    [
      -0.139556064629649, -0.39985938347198113, -0.39985938347198113, -0.139556064629649,
      4.699667478296504, -3.620836582093244, -0.7369452021504701, 0.7369452021504701
    ],
    [
      -0.39985938347198113, -1.1518867074265358, -1.1518867074265355, -0.39985938347198113,
      -3.620836582093244, 11.068512249859415, -3.6072382838186705, -0.7369452021504701
    ],
    [
      -0.39985938347198113, -1.1518867074265355, -1.1518867074265355, -0.39985938347198113,
      -0.7369452021504701, -3.6072382838186705, 11.068512249859419, -3.620836582093244
    ],
    [
      -0.139556064629649, -0.39985938347198113, -0.39985938347198113, -0.139556064629649,
      0.7369452021504701, -0.7369452021504701, -3.620836582093244, 4.699667478296504
    ]
  ],
  "A3": [
    [
      4.699667478296504, -3.620836582093244, -0.7369452021504701, 0.7369452021504701,
      -0.139556064629649, -0.39985938347198113, -0.39985938347198113, -0.139556064629649, 0.0, 0.0,
      0.0, 0.0, 0.0, 0.0, 0.0, 0.0, 0.0, 0.0, 0.0, 0.0, 0.0, 0.0, 0.0, 0.0
    ],
    [
      -3.620836582093244, 11.068512249859417, -3.6072382838186705, -0.7369452021504701,
      -0.39985938347198113, -1.1518867074265358, -1.1518867074265355, -0.39985938347198113, 0.0,
      0.0, 0.0, 0.0, 0.0, 0.0, 0.0, 0.0, 0.0, 0.0, 0.0, 0.0, 0.0, 0.0, 0.0, 0.0
    ],
    [
      -0.7369452021504701, -3.6072382838186705, 11.068512249859419, -3.620836582093244,
      -0.39985938347198113, -1.1518867074265355, -1.1518867074265355, -0.39985938347198113, 0.0,
      0.0, 0.0, 0.0, 0.0, 0.0, 0.0, 0.0, 0.0, 0.0, 0.0, 0.0, 0.0, 0.0, 0.0, 0.0
    ],
    [
      0.7369452021504701, -0.7369452021504701, -3.620836582093244, 4.699667478296504,
      -0.139556064629649, -0.39985938347198113, -0.39985938347198113, -0.139556064629649, 0.0, 0.0,
      0.0, 0.0, 0.0, 0.0, 0.0, 0.0, 0.0, 0.0, 0.0, 0.0, 0.0, 0.0, 0.0, 0.0
    ],
    [
      -0.139556064629649, -0.39985938347198113, -0.39985938347198113, -0.139556064629649,
      4.699667478296504, -3.620836582093244, -0.7369452021504701, 0.7369452021504701, 0.0, 0.0, 0.0,
      0.0, 0.0, 0.0, 0.0, 0.0, 0.0, 0.0, 0.0, 0.0, 0.0, 0.0, 0.0, 0.0
    ],
    [
      -0.39985938347198113, -1.1518867074265358, -1.1518867074265355, -0.39985938347198113,
      -3.620836582093244, 11.068512249859415, -3.6072382838186705, -0.7369452021504701, 0.0, 0.0,
      0.0, 0.0, 0.0, 0.0, 0.0, 0.0, 0.0, 0.0, 0.0, 0.0, 0.0, 0.0, 0.0, 0.0
    ],
    [
      -0.39985938347198113, -1.1518867074265355, -1.1518867074265355, -0.39985938347198113,
      -0.7369452021504701, -3.6072382838186705, 11.068512249859419, -3.620836582093244, 0.0, 0.0,
      0.0, 0.0, 0.0, 0.0, 0.0, 0.0, 0.0, 0.0, 0.0, 0.0, 0.0, 0.0, 0.0, 0.0
    ],
    [
      -0.139556064629649, -0.39985938347198113, -0.39985938347198113, -0.139556064629649,
      0.7369452021504701, -0.7369452021504701, -3.620836582093244, 4.699667478296504, 0.0, 0.0, 0.0,
      0.0, 0.0, 0.0, 0.0, 0.0, 0.0, 0.0, 0.0, 0.0, 0.0, 0.0, 0.0, 0.0
    ],
    [
      0.0, 0.0, 0.0, 0.0, 0.0, 0.0, 0.0, 0.0, 4.699667478296504, -3.620836582093244,
      -0.7369452021504701, 0.7369452021504701, -0.139556064629649, -0.39985938347198113,
      -0.39985938347198113, -0.139556064629649, 0.0, 0.0, 0.0, 0.0, 0.0, 0.0, 0.0, 0.0
    ],
    [
      0.0, 0.0, 0.0, 0.0, 0.0, 0.0, 0.0, 0.0, -3.620836582093244, 11.068512249859417,
      -3.6072382838186705, -0.7369452021504701, -0.39985938347198113, -1.1518867074265358,
      -1.1518867074265355, -0.39985938347198113, 0.0, 0.0, 0.0, 0.0, 0.0, 0.0, 0.0, 0.0
    ],
    [
      0.0, 0.0, 0.0, 0.0, 0.0, 0.0, 0.0, 0.0, -0.7369452021504701, -3.6072382838186705,
      11.068512249859419, -3.620836582093244, -0.39985938347198113, -1.1518867074265355,
      -1.1518867074265355, -0.39985938347198113, 0.0, 0.0, 0.0, 0.0, 0.0, 0.0, 0.0, 0.0
    ],
    [
      0.0, 0.0, 0.0, 0.0, 0.0, 0.0, 0.0, 0.0, 0.7369452021504701, -0.7369452021504701,
      -3.620836582093244, 4.699667478296504, -0.139556064629649, -0.39985938347198113,
      -0.39985938347198113, -0.139556064629649, 0.0, 0.0, 0.0, 0.0, 0.0, 0.0, 0.0, 0.0
    ],
    [
      0.0, 0.0, 0.0, 0.0, 0.0, 0.0, 0.0, 0.0, -0.139556064629649, -0.39985938347198113,
      -0.39985938347198113, -0.139556064629649, 4.699667478296504, -3.620836582093244,
      -0.7369452021504701, 0.7369452021504701, 0.0, 0.0, 0.0, 0.0, 0.0, 0.0, 0.0, 0.0
    ],
    [
      0.0, 0.0, 0.0, 0.0, 0.0, 0.0, 0.0, 0.0, -0.39985938347198113, -1.1518867074265358,
      -1.1518867074265355, -0.39985938347198113, -3.620836582093244, 11.068512249859415,
      -3.6072382838186705, -0.7369452021504701, 0.0, 0.0, 0.0, 0.0, 0.0, 0.0, 0.0, 0.0
    ],
    [
      0.0, 0.0, 0.0, 0.0, 0.0, 0.0, 0.0, 0.0, -0.39985938347198113, -1.1518867074265355,
      -1.1518867074265355, -0.39985938347198113, -0.7369452021504701, -3.6072382838186705,
      11.068512249859419, -3.620836582093244, 0.0, 0.0, 0.0, 0.0, 0.0, 0.0, 0.0, 0.0
    ],
    [
      0.0, 0.0, 0.0, 0.0, 0.0, 0.0, 0.0, 0.0, -0.139556064629649, -0.39985938347198113,
      -0.39985938347198113, -0.139556064629649, 0.7369452021504701, -0.7369452021504701,
      -3.620836582093244, 4.699667478296504, 0.0, 0.0, 0.0, 0.0, 0.0, 0.0, 0.0, 0.0
    ],
    [
      0.0, 0.0, 0.0, 0.0, 0.0, 0.0, 0.0, 0.0, 0.0, 0.0, 0.0, 0.0, 0.0, 0.0, 0.0, 0.0,
      4.699667478296504, -3.620836582093244, -0.7369452021504701, 0.7369452021504701,
      -0.139556064629649, -0.39985938347198113, -0.39985938347198113, -0.139556064629649
    ],
    [
      0.0, 0.0, 0.0, 0.0, 0.0, 0.0, 0.0, 0.0, 0.0, 0.0, 0.0, 0.0, 0.0, 0.0, 0.0, 0.0,
      -3.620836582093244, 11.068512249859417, -3.6072382838186705, -0.7369452021504701,
      -0.39985938347198113, -1.1518867074265358, -1.1518867074265355, -0.39985938347198113
    ],
    [
      0.0, 0.0, 0.0, 0.0, 0.0, 0.0, 0.0, 0.0, 0.0, 0.0, 0.0, 0.0, 0.0, 0.0, 0.0, 0.0,
      -0.7369452021504701, -3.6072382838186705, 11.068512249859419, -3.620836582093244,
      -0.39985938347198113, -1.1518867074265355, -1.1518867074265355, -0.39985938347198113
    ],
    [
      0.0, 0.0, 0.0, 0.0, 0.0, 0.0, 0.0, 0.0, 0.0, 0.0, 0.0, 0.0, 0.0, 0.0, 0.0, 0.0,
      0.7369452021504701, -0.7369452021504701, -3.620836582093244, 4.699667478296504,
      -0.139556064629649, -0.39985938347198113, -0.39985938347198113, -0.139556064629649
    ],
    [
      0.0, 0.0, 0.0, 0.0, 0.0, 0.0, 0.0, 0.0, 0.0, 0.0, 0.0, 0.0, 0.0, 0.0, 0.0, 0.0,
      -0.139556064629649, -0.39985938347198113, -0.39985938347198113, -0.139556064629649,
      4.699667478296504, -3.620836582093244, -0.7369452021504701, 0.7369452021504701
    ],
    [
      0.0, 0.0, 0.0, 0.0, 0.0, 0.0, 0.0, 0.0, 0.0, 0.0, 0.0, 0.0, 0.0, 0.0, 0.0, 0.0,
      -0.39985938347198113, -1.1518867074265358, -1.1518867074265355, -0.39985938347198113,
      -3.620836582093244, 11.068512249859415, -3.6072382838186705, -0.7369452021504701
    ],
    [
      0.0, 0.0, 0.0, 0.0, 0.0, 0.0, 0.0, 0.0, 0.0, 0.0, 0.0, 0.0, 0.0, 0.0, 0.0, 0.0,
      -0.39985938347198113, -1.1518867074265355, -1.1518867074265355, -0.39985938347198113,
      -0.7369452021504701, -3.6072382838186705, 11.068512249859419, -3.620836582093244
    ],
    [
      0.0, 0.0, 0.0, 0.0, 0.0, 0.0, 0.0, 0.0, 0.0, 0.0, 0.0, 0.0, 0.0, 0.0, 0.0, 0.0,
      -0.139556064629649, -0.39985938347198113, -0.39985938347198113, -0.139556064629649,
      0.7369452021504701, -0.7369452021504701, -3.620836582093244, 4.699667478296504
    ]
  ],
  "B": [
    [
      4.160252030194874, -4.160252030194874, -0.7369452021504701, 0.7369452021504701, 0.0, 0.0, 0.0,
      0.0
    ],
    [
      -4.160252030194874, 9.5167661589609, -4.619568926615557, -0.7369452021504701, 0.0, 0.0, 0.0,
      0.0
    ],
    [
      -0.7369452021504701, -4.619568926615557, 9.516766158960902, -4.160252030194874, 0.0, 0.0, 0.0,
      0.0
    ],
    [
      0.7369452021504701, -0.7369452021504701, -4.160252030194874, 4.160252030194874, 0.0, 0.0, 0.0,
      0.0
    ],
    [
      0.0, 0.0, 0.0, 0.0, 4.160252030194874, -4.160252030194874, -0.7369452021504701,
      0.7369452021504701
    ],
    [
      0.0, 0.0, 0.0, 0.0, -4.160252030194874, 9.516766158960898, -4.619568926615557,
      -0.7369452021504701
    ],
    [
      0.0, 0.0, 0.0, 0.0, -0.7369452021504701, -4.619568926615557, 9.516766158960902,
      -4.160252030194874
    ],
    [
      0.0, 0.0, 0.0, 0.0, 0.7369452021504701, -0.7369452021504701, -4.160252030194874,
      4.160252030194874
    ]
  ],
  "B0": [
    [
      0.5394154481016301, 0.5394154481016301, -1.2821928173249464e-21, -1.2821928173249464e-21,
      -0.139556064629649, -0.39985938347198113, -0.39985938347198113, -0.139556064629649
    ],
    [
      0.5394154481016301, 1.5517460908985168, 1.0123306427968866, -1.2821928173249464e-21,
      -0.39985938347198113, -1.1518867074265358, -1.1518867074265355, -0.39985938347198113
    ],
    [
      -1.2821928173249464e-21, 1.0123306427968866, 1.5517460908985166, 0.5394154481016301,
      -0.39985938347198113, -1.1518867074265355, -1.1518867074265355, -0.39985938347198113
    ],
    [
      -1.2821928173249464e-21, -1.2821928173249464e-21, 0.5394154481016301, 0.5394154481016301,
      -0.139556064629649, -0.39985938347198113, -0.39985938347198113, -0.139556064629649
    ],
    [
      -0.139556064629649, -0.39985938347198113, -0.39985938347198113, -0.139556064629649,
      0.5394154481016301, 0.5394154481016301, -1.2821928173249464e-21, -1.2821928173249464e-21
    ],
    [
      -0.39985938347198113, -1.1518867074265358, -1.1518867074265355, -0.39985938347198113,
      0.5394154481016301, 1.5517460908985168, 1.0123306427968866, -1.2821928173249464e-21
    ],
    [
      -0.39985938347198113, -1.1518867074265355, -1.1518867074265355, -0.39985938347198113,
      -1.2821928173249464e-21, 1.0123306427968866, 1.5517460908985168, 0.5394154481016301
    ],
    [
      -0.139556064629649, -0.39985938347198113, -0.39985938347198113, -0.139556064629649,
      -1.2821928173249464e-21, -1.2821928173249464e-21, 0.5394154481016301, 0.5394154481016301
    ]
  ],
  "accepted_step": {
    "A": [
      [
        4.699667478296504, -3.620836582093244, -0.7369452021504701, 0.7369452021504701,
        -0.139556064629649, -0.39985938347198113, -0.39985938347198113, -0.139556064629649
      ],
      [
        -3.620836582093244, 11.068512249859417, -3.6072382838186705, -0.7369452021504701,
        -0.39985938347198113, -1.1518867074265358, -1.1518867074265355, -0.39985938347198113
      ],
      [
        -0.7369452021504701, -3.6072382838186705, 11.068512249859419, -3.620836582093244,
        -0.39985938347198113, -1.1518867074265355, -1.1518867074265355, -0.39985938347198113
      ],
      [
        0.7369452021504701, -0.7369452021504701, -3.620836582093244, 4.699667478296504,
        -0.139556064629649, -0.39985938347198113, -0.39985938347198113, -0.139556064629649
      ],
      [
        -0.139556064629649, -0.39985938347198113, -0.39985938347198113, -0.139556064629649,
        4.699667478296504, -3.620836582093244, -0.7369452021504701, 0.7369452021504701
      ],
      [
        -0.39985938347198113, -1.1518867074265358, -1.1518867074265355, -0.39985938347198113,
        -3.620836582093244, 11.068512249859415, -3.6072382838186705, -0.7369452021504701
      ],
      [
        -0.39985938347198113, -1.1518867074265355, -1.1518867074265355, -0.39985938347198113,
        -0.7369452021504701, -3.6072382838186705, 11.068512249859419, -3.620836582093244
      ],
      [
        -0.139556064629649, -0.39985938347198113, -0.39985938347198113, -0.139556064629649,
        0.7369452021504701, -0.7369452021504701, -3.620836582093244, 4.699667478296504
      ]
    ],
    "C": [
      [
        1.5, 0.0, 0.0, 1.5, 0.5, 1.0, 1.0, 0.5, 0.0, 0.0, 0.0, 0.0, 0.0, 0.0, 0.0, 0.0, 0.0, 0.0,
        0.0, 0.0, 0.0, 0.0, 0.0, 0.0
      ],
      [
        0.0, 0.0, 0.0, 0.0, 0.0, 0.0, 0.0, 0.0, 0.5, 1.0, 1.0, 0.5, 1.5, 0.0, 0.0, 1.5, 0.0, 0.0,
        0.0, 0.0, 0.0, 0.0, 0.0, 0.0
      ],
      [
        -0.3, 0.0, 0.0, 0.3, 0.0, 0.0, 0.0, 0.0, 0.0, 0.0, 0.0, 0.0, 0.3, 0.0, 0.0, -0.3, 0.5, 1.0,
        1.0, 0.5, 0.5, 1.0, 1.0, 0.5
      ]
    ],
    "accepted": true,
    "armijo_slope": 5.820156995424131,
    "dE": [
      [-0.7394135086435938, 5.266898028821743e-7, -0.6576679445480238],
      [2.7835823241950663, 4.74909001013657e-6, -1.2618281113319085],
      [-2.7835761722272423, 4.74909001013657e-6, -1.2618281113319085],
      [0.7394135033145233, 5.266898028821743e-7, -0.6576679441039346],
      [5.271338920920243e-7, -0.7394135086435938, 0.6576689273174452],
      [4.7482018317168695e-6, 2.7835823250832448, 1.2618302291933503],
      [4.74909001013657e-6, -2.7835761726713315, 1.2618302291933503],
      [5.271338920920243e-7, 0.7394135037586125, 0.6576689277615344]
    ],
    "energy": 0.9050819674804396,
    "energy0": 3.434074588325977,
    "gradient": [
      -0.056660811302015654, 0.17853819047202618, -0.17853748752622822, 0.05666000471375456,
      2.5476169255833514e-7, 4.775121914451687e-7, 4.775828107947932e-7, 2.548130861507816e-7,
      2.5470204255170863e-7, 4.775514927309006e-7, 4.77551492726908e-7, 2.5470204254776077e-7,
      -0.05666099393320143, 0.1785381546609026, -0.17853745164129287, 0.05666018739651609,
      -0.25285492079009664, -0.22135097632790854, -0.2213509763022117, -0.2528549206593291,
      0.25285495066583974, 0.22135101609604865, 0.22135101612174538, 0.25285495079660736
    ],
    "gradient_l2h_norm": 0.676594509088791,
    "lambda": [2.7830330633573467e-6, 2.783181093200383e-6, 1.033691650818189e-6],
    "projection": {
      "iterations": 1,
      "ok": true,
      "phi_norm": 2.989939739643199e-16,
      "vertices": [
        [-1.4162558623548265, -3.581216712306479e-7, 0.6737170409851789],
        [-0.7638776633221414, -6.874909569484942e-7, 0.6271545223141121],
        [0.763876661020734, -6.874909569425931e-7, 0.6271545222761323],
        [1.4162570911298449, -3.5812167122481303e-7, 0.6737170407919058],
        [-3.582124960509546e-7, -1.4162555924250755, -0.6737171528527302],
        [-6.874355327362871e-7, -0.7638776103909918, -0.6271546488025285],
        [-6.875399074373464e-7, 0.7638766079858167, -0.627154648840508],
        [-3.5828845527284617e-7, 1.416256821129191, -0.6737171530460034]
      ]
    },
    "saddle_residual": 1.770553309443707e-16,
    "tau": 1.0,
    "vertices": [
      [-1.4162558623548265, -3.581216712306479e-7, 0.6737170409851789],
      [-0.7638776633221414, -6.874909569484942e-7, 0.6271545223141121],
      [0.763876661020734, -6.874909569425931e-7, 0.6271545222761323],
      [1.4162570911298449, -3.5812167122481303e-7, 0.6737170407919058],
      [-3.582124960509546e-7, -1.4162555924250755, -0.6737171528527302],
      [-6.874355327362871e-7, -0.7638776103909918, -0.6271546488025285],
      [-6.875399074373464e-7, 0.7638766079858167, -0.627154648840508],
      [-3.5828845527284617e-7, 1.416256821129191, -0.6737171530460034]
    ]
  },
  "barnes_hut": {
    "theta_0.25": {
      "dE": [
        [-0.7394135086435938, 5.275779813018744e-7, -0.6576679445480238],
        [2.783582323750977, 4.74909001013657e-6, -1.2618281113319085],
        [-2.7835761722272423, 4.74909001013657e-6, -1.2618281113319085],
        [0.7394135033145233, 5.266898028821743e-7, -0.6576679445480238],
        [5.266898028821743e-7, -0.7394135086435938, 0.6576689273174452],
        [4.74909001013657e-6, 2.783582325527334, 1.2618302296374395],
        [4.7486459209267196e-6, -2.7835761722272423, 1.2618302300815287],
        [5.271338920920243e-7, 0.7394135033145233, 0.6576689273174452]
      ],
      "dE_rel_error_vs_exact_fd": 3.167484649436759e-10,
      "energy": 3.434074588325977,
      "energy_rel_error": 0.0,
      "stats": {
        "approximated_edge_refs": 0,
        "direct_pairs": 22,
        "visits": 42
      }
    },
    "theta_0.5": {
      "dE": [
        [-0.7394135086435938, 5.275779813018744e-7, -0.6576679445480238],
        [2.783582323750977, 4.74909001013657e-6, -1.2618281113319085],
        [-2.7835761722272423, 4.74909001013657e-6, -1.2618281113319085],
        [0.7394135033145233, 5.266898028821743e-7, -0.6576679445480238],
        [5.266898028821743e-7, -0.7394135086435938, 0.6576689273174452],
        [4.74909001013657e-6, 2.783582325527334, 1.2618302296374395],
        [4.7486459209267196e-6, -2.7835761722272423, 1.2618302300815287],
        [5.271338920920243e-7, 0.7394135033145233, 0.6576689273174452]
      ],
      "dE_rel_error_vs_exact_fd": 3.167484649436759e-10,
      "energy": 3.434074588325977,
      "energy_rel_error": 0.0,
      "stats": {
        "approximated_edge_refs": 0,
        "direct_pairs": 22,
        "visits": 42
      }
    }
  },
  "bct": {
    "B0_matvec": {
      "B0u_bct": [
        -0.1623373341716901, -0.346869995882025, -0.01969555531358591, 0.16483710639674898,
        0.5035651381468367, 0.6478889529472767, -0.32153224866156077, -0.46585606346200076
      ],
      "B0u_exact": [
        -0.2077413213608083, -0.39227398307114325, -0.019695555313585855, 0.16483710639674898,
        0.5035651381468366, 0.6932929401363948, -0.2761282614724427, -0.4658560634620008
      ],
      "rel_error": 0.08115310602726349,
      "stats": {
        "K1_admissible_blocks": 2,
        "K1_direct_blocks": 14,
        "K1_direct_pairs": 20,
        "K1_leaves": 16,
        "Ky_admissible_blocks": 2,
        "Ky_direct_blocks": 14,
        "Ky_direct_pairs": 20,
        "Ky_leaves": 16
      },
      "u": [
        0.45915335304201954, 0.5003970800124196, 0.6624731629217218, 0.9877850150977089,
        1.1881835227499031, 0.9817186279632419, 0.4416116530365401, -0.06887939247120342
      ]
    },
    "B_matvec": {
      "Bu_bct": [
        0.07181283424860421, -0.9399756622873353, -0.45482209871323376, 1.3229849267519649,
        0.4827420709724693, 2.362417433910981, -0.8735414100390884, -1.971618094844362
      ],
      "Bu_exact": [
        0.06815270980236687, -0.9363155378410983, -0.4548220987132332, 1.3229849267519653,
        0.4827420709724688, 2.4103485712674857, -0.9214725473955947, -1.971618094844362
      ],
      "rel_error": 0.01842228516292448,
      "stats": {
        "K1_admissible_blocks": 2,
        "K1_direct_blocks": 14,
        "K1_direct_pairs": 20,
        "K1_leaves": 16,
        "Ky_admissible_blocks": 2,
        "Ky_direct_blocks": 14,
        "Ky_direct_pairs": 20,
        "Ky_leaves": 16
      },
      "u": [
        0.45915335304201954, 0.5003970800124196, 0.6624731629217218, 0.9877850150977089,
        1.1881835227499031, 0.9817186279632419, 0.4416116530365401, -0.06887939247120342
      ]
    },
    "high": {
      "Kpsi": [
        4.056142532930257, 5.759977064584898, 4.01175087782438, 2.5535383041531303,
        2.8191777919250973, 2.5580088990471577
      ],
      "Kpsi_exact": [
        4.1615864362473385, 5.759977064584899, 4.01175087782438, 2.5535383041531308,
        2.8599247984597667, 2.5580088990471572
      ],
      "Kvec_rel_error": 0.01448853781853919,
      "rel_error": 0.012061853260064582,
      "stats": {
        "admissible_blocks": 2,
        "direct_blocks": 14,
        "direct_pairs": 20,
        "leaves": 16
      },
      "vector_stats": {
        "admissible_blocks": 2,
        "direct_blocks": 14,
        "direct_pairs": 20,
        "leaves": 16
      }
    },
    "low": {
      "Kpsi": [
        1.8712851148488783, 4.387706781503044, 2.3365771682596663, 1.1471392128736349,
        1.9722772280048897, 1.1471392128736349
      ],
      "Kpsi_exact": [
        2.3365771682596663, 4.387706781503044, 2.3365771682596663, 1.1471392128736349,
        2.152081443748368, 1.1471392128736349
      ],
      "Kvec_rel_error": 0.09806621803605146,
      "rel_error": 0.08152902832758843,
      "stats": {
        "admissible_blocks": 2,
        "direct_blocks": 14,
        "direct_pairs": 20,
        "leaves": 16
      },
      "vector_stats": {
        "admissible_blocks": 2,
        "direct_blocks": 14,
        "direct_pairs": 20,
        "leaves": 16
      }
    }
  },
  "constraints": {
    "C": [
      [
        1.5, 0.0, 0.0, 1.5, 0.5, 1.0, 1.0, 0.5, 0.0, 0.0, 0.0, 0.0, 0.0, 0.0, 0.0, 0.0, 0.0, 0.0,
        0.0, 0.0, 0.0, 0.0, 0.0, 0.0
      ],
      [
        0.0, 0.0, 0.0, 0.0, 0.0, 0.0, 0.0, 0.0, 0.5, 1.0, 1.0, 0.5, 1.5, 0.0, 0.0, 1.5, 0.0, 0.0,
        0.0, 0.0, 0.0, 0.0, 0.0, 0.0
      ],
      [
        -0.3, 0.0, 0.0, 0.3, 0.0, 0.0, 0.0, 0.0, 0.0, 0.0, 0.0, 0.0, 0.3, 0.0, 0.0, -0.3, 0.5, 1.0,
        1.0, 0.5, 0.5, 1.0, 1.0, 0.5
      ]
    ],
    "blocks": [["barycenter", 3, 9.178235124467012]],
    "phi": [0.0, 0.0, -1.1102230246251565e-16],
    "targets": {
      "L0": 6.0,
      "ell0": [1.0, 1.0, 1.0, 1.0, 1.0, 1.0],
      "x0": [0.0, 0.0, -1.850371707708594e-17]
    }
  },
  "conventions": {
    "alpha": 3.0,
    "beta": 6.0,
    "energy_pair_factor": 0.5,
    "epsilon": 1e-10,
    "flattening": "coordinate-block",
    "inner_product_pair_factor": 1.0,
    "leaf_size": 2,
    "s": 1.6666666666666667,
    "sigma": 0.6666666666666667,
    "theta": 0.5,
    "two_sigma_plus_1": 2.3333333333333335
  },
  "dE": [
    [-0.7394135086435938, 5.266898028821743e-7, -0.6576679445480238],
    [2.7835823241950663, 4.74909001013657e-6, -1.2618281113319085],
    [-2.7835761722272423, 4.74909001013657e-6, -1.2618281113319085],
    [0.7394135033145233, 5.266898028821743e-7, -0.6576679441039346],
    [5.271338920920243e-7, -0.7394135086435938, 0.6576689273174452],
    [4.7482018317168695e-6, 2.7835823250832448, 1.2618302291933503],
    [4.74909001013657e-6, -2.7835761726713315, 1.2618302291933503],
    [5.271338920920243e-7, 0.7394135037586125, 0.6576689277615344]
  ],
  "dense_saddle": {
    "lambda": [2.7830330633573467e-6, 2.783181093200383e-6, 1.033691650818189e-6],
    "residual": 1.770553309443707e-16,
    "x": [
      -0.056660811302015654, 0.17853819047202618, -0.17853748752622822, 0.05666000471375456,
      2.5476169255833514e-7, 4.775121914451687e-7, 4.775828107947932e-7, 2.548130861507816e-7,
      2.5470204255170863e-7, 4.775514927309006e-7, 4.77551492726908e-7, 2.5470204254776077e-7,
      -0.05666099393320143, 0.1785381546609026, -0.17853745164129287, 0.05666018739651609,
      -0.25285492079009664, -0.22135097632790854, -0.2213509763022117, -0.2528549206593291,
      0.25285495066583974, 0.22135101609604865, 0.22135101612174538, 0.25285495079660736
    ]
  },
  "elapsed_seconds": 0.22417665600001158,
  "energy": 3.434074588325977,
  "mg": {
    "gradient": {
      "dense_rel_diff": 0.0,
      "iterations": 1,
      "projected_residual": 1.6554528099410418e-16,
      "residual_history": [1.0, 1.6554528099410418e-16],
      "saddle_residual": 1.7171067751645e-16,
      "used_direct_cleanup": false,
      "x": [
        -0.056660811302015654, 0.17853819047202618, -0.17853748752622822, 0.05666000471375456,
        2.5476169255833514e-7, 4.775121914451687e-7, 4.775828107947932e-7, 2.548130861507816e-7,
        2.5470204255170863e-7, 4.775514927309006e-7, 4.77551492726908e-7, 2.5470204254776077e-7,
        -0.05666099393320143, 0.1785381546609026, -0.17853745164129287, 0.05666018739651609,
        -0.25285492079009664, -0.22135097632790854, -0.2213509763022117, -0.2528549206593291,
        0.25285495066583974, 0.22135101609604865, 0.22135101612174538, 0.25285495079660736
      ]
    },
    "levels": [
      {
        "n_constraints": 3,
        "n_edges": 6,
        "n_vertices": 8
      }
    ],
    "projection": {
      "dense_rel_diff": 2.09638384201528e-17,
      "iterations": 0,
      "phi_norm": 1.1102230246251565e-16,
      "projected_residual": 1.5186982534239413e-16,
      "residual_history": [1.5186982534239413e-16],
      "saddle_residual": 1.5186982534239413e-16,
      "used_direct_cleanup": false,
      "x": [
        -6.213934839319906e-18, 0.0, 0.0, 6.213934839319906e-18, 3.144375419407732e-35,
        6.288750838815464e-35, 6.288750838815464e-35, 3.144375419407732e-35, 0.0, 0.0, 0.0, 0.0,
        6.213934839319906e-18, 0.0, 0.0, -6.213934839319906e-18, 1.0356558065533177e-17,
        2.0713116131066355e-17, 2.0713116131066355e-17, 1.0356558065533177e-17,
        1.0356558065533177e-17, 2.0713116131066355e-17, 2.0713116131066355e-17,
        1.0356558065533177e-17
      ]
    }
  },
  "name": "crossing",
  "penalties": {
    "field_constant_x": {
      "energy": 3.0,
      "grad": [
        [0.0, 1.000088900582341e-6, 1.000088900582341e-6],
        [0.0, 2.000177801164682e-6, 2.000177801164682e-6],
        [0.0, 2.000177801164682e-6, 2.000177801164682e-6],
        [0.0, 1.000088900582341e-6, 1.000088900582341e-6],
        [-5.000444502911705e-7, -1.000000000139778, 5.000444502911705e-7],
        [-1.000088900582341e-6, 0.0, 9.99644811372491e-7],
        [-1.000088900582341e-6, 0.0, 1.000088900582341e-6],
        [-5.000444502911705e-7, 1.000000000139778, 5.000444502911705e-7]
      ]
    },
    "length_difference_grad": [
      [0.0, 0.0, 0.0],
      [0.0, 0.0, 0.0],
      [0.0, 0.0, 0.0],
      [0.0, 0.0, 0.0],
      [0.0, 0.0, 0.0],
      [0.0, 0.0, 0.0],
      [0.0, 0.0, 0.0],
      [0.0, 0.0, 0.0]
    ],
    "total_length_grad": [
      [-1.0, 0.0, 0.0],
      [0.0, 0.0, 0.0],
      [0.0, 0.0, 0.0],
      [1.0, 0.0, 0.0],
      [0.0, -1.0, 0.0],
      [0.0, 0.0, 0.0],
      [0.0, 0.0, 0.0],
      [0.0, 1.0, 0.0]
    ]
  },
  "properties": {
    "A_constant_null_rel": 2.64248023308259e-16,
    "A_min_eig": 5.565944552449837e-15,
    "A_norm2": 15.402744693965207,
    "dense_constraint_velocity_norm": 2.8066088919804617e-16,
    "dense_saddle_residual": 1.770553309443707e-16,
    "descent_dot": 3.937886265138683,
    "mg_gradient_dense_rel_diff": 0.0,
    "mg_projection_dense_rel_diff": 2.09638384201528e-17,
    "sym_B0_rel": 0.0,
    "sym_B_rel": 0.0
  }
}
