{
  "A": [
    [
      4.699667478296504, -3.620836582093244, -0.7369452021504701, 0.7369452021504701,
      -0.139556064629649, -0.39985938347198113, -0.39985938347198113, -0.139556064629649
    ],
    [
      -3.620836582093244, 11.068512249859417, -3.6072382838186705, -0.7369452021504701,
      -0.39985938347198113, -1.1518867074265358, -1.1518867074265355, -0.39985938347198113
    ],
    [
      -0.7369452021504701, -3.6072382838186705, 11.068512249859419, -3.620836582093244,
      -0.39985938347198113, -1.1518867074265355, -1.1518867074265355, -0.39985938347198113
    ],
    [
      0.7369452021504701, -0.7369452021504701, -3.620836582093244, 4.699667478296504,
      -0.139556064629649, -0.39985938347198113, -0.39985938347198113, -0.139556064629649
    ],
    [
      -0.139556064629649, -0.39985938347198113, -0.39985938347198113, -0.139556064629649,
      4.699667478296504, -3.620836582093244, -0.7369452021504701, 0.7369452021504701
    ],
    [
      -0.39985938347198113, -1.1518867074265358, -1.1518867074265355, -0.39985938347198113,
      -3.620836582093244, 11.068512249859415, -3.6072382838186705, -0.7369452021504701
    ],
    [
      -0.39985938347198113, -1.1518867074265355, -1.1518867074265355, -0.39985938347198113,
      -0.7369452021504701, -3.6072382838186705, 11.068512249859419, -3.620836582093244
    ],
    [
      -0.139556064629649, -0.39985938347198113, -0.39985938347198113, -0.139556064629649,
      0.7369452021504701, -0.7369452021504701, -3.620836582093244, 4.699667478296504
    ]
  ],
  "A3": [
    [
      4.699667478296504, -3.620836582093244, -0.7369452021504701, 0.7369452021504701,
      -0.139556064629649, -0.39985938347198113, -0.39985938347198113, -0.139556064629649, 0.0, 0.0,
      0.0, 0.0, 0.0, 0.0, 0.0, 0.0, 0.0, 0.0, 0.0, 0.0, 0.0, 0.0, 0.0, 0.0
    ],
    [
      -3.620836582093244, 11.068512249859417, -3.6072382838186705, -0.7369452021504701,
      -0.39985938347198113, -1.1518867074265358, -1.1518867074265355, -0.39985938347198113, 0.0,
      0.0, 0.0, 0.0, 0.0, 0.0, 0.0, 0.0, 0.0, 0.0, 0.0, 0.0, 0.0, 0.0, 0.0, 0.0
    ],
    [
      -0.7369452021504701, -3.6072382838186705, 11.068512249859419, -3.620836582093244,
      -0.39985938347198113, -1.1518867074265355, -1.1518867074265355, -0.39985938347198113, 0.0,
      0.0, 0.0, 0.0, 0.0, 0.0, 0.0, 0.0, 0.0, 0.0, 0.0, 0.0, 0.0, 0.0, 0.0, 0.0
    ],
    [
      0.7369452021504701, -0.7369452021504701, -3.620836582093244, 4.699667478296504,
      -0.139556064629649, -0.39985938347198113, -0.39985938347198113, -0.139556064629649, 0.0, 0.0,
      0.0, 0.0, 0.0, 0.0, 0.0, 0.0, 0.0, 0.0, 0.0, 0.0, 0.0, 0.0, 0.0, 0.0
    ],
    [
      -0.139556064629649, -0.39985938347198113, -0.39985938347198113, -0.139556064629649,
      4.699667478296504, -3.620836582093244, -0.7369452021504701, 0.7369452021504701, 0.0, 0.0, 0.0,
      0.0, 0.0, 0.0, 0.0, 0.0, 0.0, 0.0, 0.0, 0.0, 0.0, 0.0, 0.0, 0.0
    ],
    [
      -0.39985938347198113, -1.1518867074265358, -1.1518867074265355, -0.39985938347198113,
      -3.620836582093244, 11.068512249859415, -3.6072382838186705, -0.7369452021504701, 0.0, 0.0,
      0.0, 0.0, 0.0, 0.0, 0.0, 0.0, 0.0, 0.0, 0.0, 0.0, 0.0, 0.0, 0.0, 0.0
    ],
    [
      -0.39985938347198113, -1.1518867074265355, -1.1518867074265355, -0.39985938347198113,
      -0.7369452021504701, -3.6072382838186705, 11.068512249859419, -3.620836582093244, 0.0, 0.0,
      0.0, 0.0, 0.0, 0.0, 0.0, 0.0, 0.0, 0.0, 0.0, 0.0, 0.0, 0.0, 0.0, 0.0
    ],
    [
      -0.139556064629649, -0.39985938347198113, -0.39985938347198113, -0.139556064629649,
      0.7369452021504701, -0.7369452021504701, -3.620836582093244, 4.699667478296504, 0.0, 0.0, 0.0,
      0.0, 0.0, 0.0, 0.0, 0.0, 0.0, 0.0, 0.0, 0.0, 0.0, 0.0, 0.0, 0.0
    ],
    [
      0.0, 0.0, 0.0, 0.0, 0.0, 0.0, 0.0, 0.0, 4.699667478296504, -3.620836582093244,
      -0.7369452021504701, 0.7369452021504701, -0.139556064629649, -0.39985938347198113,
      -0.39985938347198113, -0.139556064629649, 0.0, 0.0, 0.0, 0.0, 0.0, 0.0, 0.0, 0.0
    ],
    [
      0.0, 0.0, 0.0, 0.0, 0.0, 0.0, 0.0, 0.0, -3.620836582093244, 11.068512249859417,
      -3.6072382838186705, -0.7369452021504701, -0.39985938347198113, -1.1518867074265358,
      -1.1518867074265355, -0.39985938347198113, 0.0, 0.0, 0.0, 0.0, 0.0, 0.0, 0.0, 0.0
    ],
    [
      0.0, 0.0, 0.0, 0.0, 0.0, 0.0, 0.0, 0.0, -0.7369452021504701, -3.6072382838186705,
      11.068512249859419, -3.620836582093244, -0.39985938347198113, -1.1518867074265355,
      -1.1518867074265355, -0.39985938347198113, 0.0, 0.0, 0.0, 0.0, 0.0, 0.0, 0.0, 0.0
    ],
    [
      0.0, 0.0, 0.0, 0.0, 0.0, 0.0, 0.0, 0.0, 0.7369452021504701, -0.7369452021504701,
      -3.620836582093244, 4.699667478296504, -0.139556064629649, -0.39985938347198113,
      -0.39985938347198113, -0.139556064629649, 0.0, 0.0, 0.0, 0.0, 0.0, 0.0, 0.0, 0.0
    ],
    [
      0.0, 0.0, 0.0, 0.0, 0.0, 0.0, 0.0, 0.0, -0.139556064629649, -0.39985938347198113,
      -0.39985938347198113, -0.139556064629649, 4.699667478296504, -3.620836582093244,
      -0.7369452021504701, 0.7369452021504701, 0.0, 0.0, 0.0, 0.0, 0.0, 0.0, 0.0, 0.0
    ],
    [
      0.0, 0.0, 0.0, 0.0, 0.0, 0.0, 0.0, 0.0, -0.39985938347198113, -1.1518867074265358,
      -1.1518867074265355, -0.39985938347198113, -3.620836582093244, 11.068512249859415,
      -3.6072382838186705, -0.7369452021504701, 0.0, 0.0, 0.0, 0.0, 0.0, 0.0, 0.0, 0.0
    ],
    [
      0.0, 0.0, 0.0, 0.0, 0.0, 0.0, 0.0, 0.0, -0.39985938347198113, -1.1518867074265355,
      -1.1518867074265355, -0.39985938347198113, -0.7369452021504701, -3.6072382838186705,
      11.068512249859419, -3.620836582093244, 0.0, 0.0, 0.0, 0.0, 0.0, 0.0, 0.0, 0.0
    ],
    [
      0.0, 0.0, 0.0, 0.0, 0.0, 0.0, 0.0, 0.0, -0.139556064629649, -0.39985938347198113,
      -0.39985938347198113, -0.139556064629649, 0.7369452021504701, -0.7369452021504701,
      -3.620836582093244, 4.699667478296504, 0.0, 0.0, 0.0, 0.0, 0.0, 0.0, 0.0, 0.0
    ],
    [
      0.0, 0.0, 0.0, 0.0, 0.0, 0.0, 0.0, 0.0, 0.0, 0.0, 0.0, 0.0, 0.0, 0.0, 0.0, 0.0,
      4.699667478296504, -3.620836582093244, -0.7369452021504701, 0.7369452021504701,
      -0.139556064629649, -0.39985938347198113, -0.39985938347198113, -0.139556064629649
    ],
    [
      0.0, 0.0, 0.0, 0.0, 0.0, 0.0, 0.0, 0.0, 0.0, 0.0, 0.0, 0.0, 0.0, 0.0, 0.0, 0.0,
      -3.620836582093244, 11.068512249859417, -3.6072382838186705, -0.7369452021504701,
      -0.39985938347198113, -1.1518867074265358, -1.1518867074265355, -0.39985938347198113
    ],
    [
      0.0, 0.0, 0.0, 0.0, 0.0, 0.0, 0.0, 0.0, 0.0, 0.0, 0.0, 0.0, 0.0, 0.0, 0.0, 0.0,
      -0.7369452021504701, -3.6072382838186705, 11.068512249859419, -3.620836582093244,
      -0.39985938347198113, -1.1518867074265355, -1.1518867074265355, -0.39985938347198113
    ],
    [
      0.0, 0.0, 0.0, 0.0, 0.0, 0.0, 0.0, 0.0, 0.0, 0.0, 0.0, 0.0, 0.0, 0.0, 0.0, 0.0,
      0.7369452021504701, -0.7369452021504701, -3.620836582093244, 4.699667478296504,
      -0.139556064629649, -0.39985938347198113, -0.39985938347198113, -0.139556064629649
    ],
    [
      0.0, 0.0, 0.0, 0.0, 0.0, 0.0, 0.0, 0.0, 0.0, 0.0, 0.0, 0.0, 0.0, 0.0, 0.0, 0.0,
      -0.139556064629649, -0.39985938347198113, -0.39985938347198113, -0.139556064629649,
      4.699667478296504, -3.620836582093244, -0.7369452021504701, 0.7369452021504701
    ],
    [
      0.0, 0.0, 0.0, 0.0, 0.0, 0.0, 0.0, 0.0, 0.0, 0.0, 0.0, 0.0, 0.0, 0.0, 0.0, 0.0,
      -0.39985938347198113, -1.1518867074265358, -1.1518867074265355, -0.39985938347198113,
      -3.620836582093244, 11.068512249859415, -3.6072382838186705, -0.7369452021504701
    ],
    [
      0.0, 0.0, 0.0, 0.0, 0.0, 0.0, 0.0, 0.0, 0.0, 0.0, 0.0, 0.0, 0.0, 0.0, 0.0, 0.0,
      -0.39985938347198113, -1.1518867074265355, -1.1518867074265355, -0.39985938347198113,
      -0.7369452021504701, -3.6072382838186705, 11.068512249859419, -3.620836582093244
    ],
    [
      0.0, 0.0, 0.0, 0.0, 0.0, 0.0, 0.0, 0.0, 0.0, 0.0, 0.0, 0.0, 0.0, 0.0, 0.0, 0.0,
      -0.139556064629649, -0.39985938347198113, -0.39985938347198113, -0.139556064629649,
      0.7369452021504701, -0.7369452021504701, -3.620836582093244, 4.699667478296504
    ]
  ],
  "B": [
    [
      4.160252030194874, -4.160252030194874, -0.7369452021504701, 0.7369452021504701, 0.0, 0.0, 0.0,
      0.0
    ],
    [
      -4.160252030194874, 9.5167661589609, -4.619568926615557, -0.7369452021504701, 0.0, 0.0, 0.0,
      0.0
    ],
    [
      -0.7369452021504701, -4.619568926615557, 9.516766158960902, -4.160252030194874, 0.0, 0.0, 0.0,
      0.0
    ],
    [
      0.7369452021504701, -0.7369452021504701, -4.160252030194874, 4.160252030194874, 0.0, 0.0, 0.0,
      0.0
    ],
    [
      0.0, 0.0, 0.0, 0.0, 4.160252030194874, -4.160252030194874, -0.7369452021504701,
      0.7369452021504701
    ],
    [
      0.0, 0.0, 0.0, 0.0, -4.160252030194874, 9.516766158960898, -4.619568926615557,
      -0.7369452021504701
    ],
    [
      0.0, 0.0, 0.0, 0.0, -0.7369452021504701, -4.619568926615557, 9.516766158960902,
      -4.160252030194874
    ],
    [
      0.0, 0.0, 0.0, 0.0, 0.7369452021504701, -0.7369452021504701, -4.160252030194874,
      4.160252030194874
    ]
  ],
  "B0": [
    [
      0.5394154481016301, 0.5394154481016301, -1.2821928173249464e-21, -1.2821928173249464e-21,
      -0.139556064629649, -0.39985938347198113, -0.39985938347198113, -0.139556064629649
    ],
    [
      0.5394154481016301, 1.5517460908985168, 1.0123306427968866, -1.2821928173249464e-21,
      -0.39985938347198113, -1.1518867074265358, -1.1518867074265355, -0.39985938347198113
    ],
    [
      -1.2821928173249464e-21, 1.0123306427968866, 1.5517460908985166, 0.5394154481016301,
      -0.39985938347198113, -1.1518867074265355, -1.1518867074265355, -0.39985938347198113
    ],
    [
      -1.2821928173249464e-21, -1.2821928173249464e-21, 0.5394154481016301, 0.5394154481016301,
      -0.139556064629649, -0.39985938347198113, -0.39985938347198113, -0.139556064629649
    ],
    [
      -0.139556064629649, -0.39985938347198113, -0.39985938347198113, -0.139556064629649,
      0.5394154481016301, 0.5394154481016301, -1.2821928173249464e-21, -1.2821928173249464e-21
    ],
    [
      -0.39985938347198113, -1.1518867074265358, -1.1518867074265355, -0.39985938347198113,
      0.5394154481016301, 1.5517460908985168, 1.0123306427968866, -1.2821928173249464e-21
    ],
    [
      -0.39985938347198113, -1.1518867074265355, -1.1518867074265355, -0.39985938347198113,
      -1.2821928173249464e-21, 1.0123306427968866, 1.5517460908985168, 0.5394154481016301
    ],
    [
      -0.139556064629649, -0.39985938347198113, -0.39985938347198113, -0.139556064629649,
      -1.2821928173249464e-21, -1.2821928173249464e-21, 0.5394154481016301, 0.5394154481016301
    ]
  ],
  "C_barycenter": [
    [
      1.5, 0.0, 0.0, 1.5, 0.5, 1.0, 1.0, 0.5, 0.0, 0.0, 0.0, 0.0, 0.0, 0.0, 0.0, 0.0, 0.0, 0.0, 0.0,
      0.0, 0.0, 0.0, 0.0, 0.0
    ],
    [
      0.0, 0.0, 0.0, 0.0, 0.0, 0.0, 0.0, 0.0, 0.5, 1.0, 1.0, 0.5, 1.5, 0.0, 0.0, 1.5, 0.0, 0.0, 0.0,
      0.0, 0.0, 0.0, 0.0, 0.0
    ],
    [
      -0.3, 0.0, 0.0, 0.3, 0.0, 0.0, 0.0, 0.0, 0.0, 0.0, 0.0, 0.0, 0.3, 0.0, 0.0, -0.3, 0.5, 1.0,
      1.0, 0.5, 0.5, 1.0, 1.0, 0.5
    ]
  ],
  "Phi_barycenter": [0.0, 0.0, -1.1102230246251565e-16],
  "alpha": 3.0,
  "beta": 6.0,
  "conventions": {
    "degenerate_unit_tangent_tol": 1e-14,
    "energy_has_extra_one_half": true,
    "epsilon_after_norms_in_metric_weights": true,
    "flattening": "coordinate-block: [x0..xN-1, y0..yN-1, z0..zN-1]",
    "inner_product_pair_factor": 1.0,
    "ordered_disjoint_pairs": true
  },
  "dE": [
    [-0.7394135086435938, 5.266898028821743e-7, -0.6576679445480238],
    [2.7835823241950663, 4.74909001013657e-6, -1.2618281113319085],
    [-2.7835761722272423, 4.74909001013657e-6, -1.2618281113319085],
    [0.7394135033145233, 5.266898028821743e-7, -0.6576679441039346],
    [5.271338920920243e-7, -0.7394135086435938, 0.6576689277615344],
    [4.7482018317168695e-6, 2.7835823241950663, 1.2618302291933503],
    [4.74909001013657e-6, -2.7835761726713315, 1.2618302291933503],
    [5.271338920920243e-7, 0.7394135033145233, 0.6576689277615344]
  ],
  "dE_flat": [
    -0.7394135086435938, 2.7835823241950663, -2.7835761722272423, 0.7394135033145233,
    5.271338920920243e-7, 4.7482018317168695e-6, 4.74909001013657e-6, 5.271338920920243e-7,
    5.266898028821743e-7, 4.74909001013657e-6, 4.74909001013657e-6, 5.266898028821743e-7,
    -0.7394135086435938, 2.7835823241950663, -2.7835761726713315, 0.7394135033145233,
    -0.6576679445480238, -1.2618281113319085, -1.2618281113319085, -0.6576679441039346,
    0.6576689277615344, 1.2618302291933503, 1.2618302291933503, 0.6576689277615344
  ],
  "energy": 3.434074588325977,
  "epsilon": 1e-10,
  "finite_difference_h": 1e-6,
  "g_tilde": [
    [-0.05666081129547719, 2.5473112824105083e-7, -0.2528549208083127],
    [0.17853819047331104, 4.775757048942775e-7, -0.22135097634450693],
    [-0.17853748752751308, 4.775757048942774e-7, -0.2213509763188101],
    [0.05666000470721619, 2.5473112824105083e-7, -0.252854920677545],
    [2.5476169260643666e-7, -0.05666099392588947, 0.25285495076325215],
    [4.775121914886215e-7, 0.1785381545731406, 0.2213510161106061],
    [4.775828108307744e-7, -0.1785374516815626, 0.22135101611060604],
    [2.548130861883845e-7, 0.05666018733753078, 0.25285495076325204]
  ],
  "g_tilde_flat": [
    -0.05666081129547719, 0.17853819047331104, -0.17853748752751308, 0.05666000470721619,
    2.5476169260643666e-7, 4.775121914886215e-7, 4.775828108307744e-7, 2.548130861883845e-7,
    2.5473112824105083e-7, 4.775757048942775e-7, 4.775757048942774e-7, 2.5473112824105083e-7,
    -0.05666099392588947, 0.1785381545731406, -0.1785374516815626, 0.05666018733753078,
    -0.2528549208083127, -0.22135097634450693, -0.2213509763188101, -0.252854920677545,
    0.25285495076325215, 0.2213510161106061, 0.22135101611060604, 0.25285495076325204
  ],
  "gradient_l2_norm": 0.6765945091043695,
  "lambda": [2.783033063288306e-6, 2.7829590486250497e-6, 1.0337656657488979e-6],
  "line_search_step": {
    "accepted": true,
    "direction": [
      [-0.08374411931081288, 3.7649009090872883e-7, -0.3737170748592463],
      [0.26387768164073333, 7.058521735957631e-7, -0.3271545561868608],
      [-0.26387664269378874, 7.05852173595763e-7, -0.3271545561488811],
      [0.08374292718133186, 3.7649009090872883e-7, -0.37371707466597304],
      [3.7653526473880663e-7, -0.08374438923675792, 0.37371711913235095],
      [7.05758301409688e-7, 0.26387762858063607, 0.3271546149607625],
      [7.058626760997019e-7, -0.26387658971382805, 0.32715461496076237],
      [3.7661122394517953e-7, 0.08374319710713252, 0.3737171191323508]
    ],
    "energy_after": 0.905081967509892,
    "energy_before": 3.434074588325977,
    "gradient_l2_norm": 0.6765945091043695,
    "projection_iterations": 1,
    "projection_phi_norm": 1.924824744274703e-16,
    "slope": 5.82015699507893,
    "tau": 1.0,
    "vertices": [
      [-1.4162558623664185, -3.581629761220851e-7, 0.6737170410073586],
      [-0.7638776633179646, -6.875250588091194e-7, 0.6271545223349732],
      [0.7638766610165575, -6.875250588091193e-7, 0.6271545222969935],
      [1.4162570911414367, -3.581629761220851e-7, 0.6737170408140855],
      [-3.5821249602456653e-7, -1.4162555924361273, -0.6737171529842386],
      [-6.874355326954479e-7, -0.7638776102535213, -0.6271546488126502],
      [-6.875399073854618e-7, 0.7638766080409428, -0.6271546488126499],
      [-3.582884552309394e-7, 1.4162568212199822, -0.6737171529842384]
    ]
  },
  "orders": {
    "s": 1.6666666666666667,
    "sigma": 0.6666666666666667,
    "two_sigma_plus_one": 2.3333333333333335
  },
  "saddle_relative_residual": 1.7764792618371006e-16,
  "x0_barycenter_target": [0.0, 0.0, -1.850371707708594e-17]
}
