{
  "A": [
    [
      17.0917356520657, -16.486562142237013, -3.913054635501508, 3.0187145339160697,
      0.5482864417665653, 0.17236719827315014, 0.059908473181651975, 0.01111662226310465,
      -0.020151648157630167, -0.05130918342626606, -0.0938833840662551, -0.15823461318971851,
      -0.2446823444386773, -0.3109405826057503, -0.25802899351465225, -0.05229342841687236,
      0.15991755921169493, 0.23336359504232443, 0.19394626173643525, 0.12773562829283042,
      0.0741809203464867, 0.03695613915296505, 0.010645846383090702, -0.009824742822078453,
      -0.02762578027706921, -0.0438985258616126, -0.057378289184025086, -0.06403398819849211,
      -0.058310819519593424, 0.11133822978514588
    ],
    [
      -16.486562142237013, 34.01933533801034, -12.73495712789316, -7.303768551908494,
      2.4026236866115958, 0.34456790253191133, 0.09221455647260351, 0.03301171439082698,
      0.017178419646222874, 0.01702526704048056, 0.026672021989425622, 0.044075840421641276,
      0.057306713434379666, 0.02275214247661255, -0.11056197762616701, -0.2651619284697099,
      -0.2574153743656118, -0.09973311487119857, 0.025907105341464648, 0.05865470021819588,
      0.04848527110628428, 0.03328439317101377, 0.022948012131080883, 0.017414813290473848,
      0.014881406348331908, 0.013356513768091507, 0.010452371841693252, 0.003438366039236968,
      -0.009115519390977626, -0.058310819519593396
    ],
    [
      -3.913054635501508, -12.73495712789316, 39.31441195677907, -17.871976476216314,
      -7.303768551908496, 2.402623686611596, 0.34456790253191166, 0.09221455647260358,
      0.033011714390826855, 0.017178419646222874, 0.017025267040480567, 0.02667202198942573,
      0.044075840421641296, 0.05730671343437964, 0.022752142476612586, -0.1105619776261674,
      -0.26516192846970915, -0.25741537436561207, -0.09973311487119854, 0.025907105341464707,
      0.0586547002181958, 0.04848527110628422, 0.03328439317101386, 0.022948012131080893,
      0.017414813290473816, 0.014881406348331908, 0.01335651376809142, 0.010452371841693354,
      0.003438366039236929, -0.06403398819849215
    ],
    [
      3.0187145339160697, -7.303768551908494, -17.871976476216314, 46.217644488052436,
      -19.269407609650838, -7.303768551908496, 2.402623686611595, 0.34456790253191116,
      0.09221455647260335, 0.03301171439082706, 0.01717841964622277, 0.017025267040480498,
      0.026672021989425816, 0.04407584042164126, 0.05730671343437961, 0.0227521424766126,
      -0.11056197762616715, -0.26516192846970965, -0.2574153743656122, -0.09973311487119821,
      0.02590710534146482, 0.058654700218195716, 0.04848527110628431, 0.033284393171013824,
      0.02294801213108083, 0.017414813290473837, 0.014881406348331894, 0.013356513768091492,
      0.010452371841693281, -0.0573782891840251
    ],
    [
      0.5482864417665653, 2.4026236866115958, -7.303768551908496, -19.269407609650838,
      48.331235723434254, -19.92079069754093, -7.303768551908491, 2.4026236866115935,
      0.3445679025319112, 0.09221455647260371, 0.03301171439082691, 0.0171784196462232,
      0.017025267040480487, 0.026672021989425837, 0.044075840421641324, 0.057306713434379625,
      0.022752142476612815, -0.11056197762616733, -0.26516192846970976, -0.257415374365612,
      -0.09973311487119857, 0.02590710534146471, 0.05865470021819594, 0.04848527110628432,
      0.03328439317101379, 0.022948012131080883, 0.017414813290473816, 0.014881406348331978,
      0.013356513768091476, -0.04389852586161251
    ],
    [
      0.17236719827315014, 0.34456790253191133, 2.402623686611596, -7.303768551908496,
      -19.92079069754093, 49.39332957941244, -20.303066356483967, -7.303768551908486,
      2.4026236866115913, 0.34456790253191144, 0.09221455647260339, 0.03301171439082679,
      0.01717841964622302, 0.017025267040480442, 0.026672021989425636, 0.044075840421641185,
      0.05730671343437946, 0.02275214247661283, -0.11056197762616708, -0.2651619284697093,
      -0.2574153743656122, -0.09973311487119842, 0.025907105341464755, 0.05865470021819592,
      0.048485271106284075, 0.033284393171013775, 0.022948012131080827, 0.017414813290473743,
      0.0148814063483319, -0.02762578027706931
    ],
    [
      0.059908473181651975, 0.09221455647260351, 0.34456790253191166, 2.402623686611595,
      -7.303768551908491, -20.303066356483967, 50.052268063983064, -20.562404644599322,
      -7.303768551908493, 2.4026236866115984, 0.3445679025319113, 0.09221455647260378,
      0.033011714390826986, 0.01717841964622286, 0.01702526704048067, 0.026672021989425674,
      0.04407584042164119, 0.057306713434379666, 0.02275214247661264, -0.1105619776261671,
      -0.2651619284697101, -0.257415374365612, -0.09973311487119843, 0.025907105341464943,
      0.05865470021819569, 0.04848527110628423, 0.03328439317101376, 0.022948012131080896,
      0.01741481329047384, -0.009824742822078377
    ],
    [
      0.01111662226310465, 0.03301171439082698, 0.09221455647260358, 0.34456790253191116,
      2.4026236866115935, -7.303768551908486, -20.562404644599322, 50.520647472729706,
      -20.758721404617564, -7.3037685519084965, 2.4026236866115935, 0.34456790253191216,
      0.09221455647260371, 0.03301171439082694, 0.017178419646222937, 0.017025267040480623,
      0.026672021989425684, 0.044075840421641276, 0.05730671343437968, 0.02275214247661267,
      -0.11056197762616692, -0.2651619284697096, -0.25741537436561224, -0.09973311487119846,
      0.02590710534146484, 0.0586547002181958, 0.04848527110628421, 0.033284393171013775,
      0.022948012131080827, 0.010645846383090626
    ],
    [
      -0.020151648157630167, 0.017178419646222874, 0.033011714390826855, 0.09221455647260335,
      0.3445679025319112, 2.4026236866115913, -7.303768551908493, -20.758721404617564,
      50.89045627689829, -20.921485878632193, -7.303768551908496, 2.4026236866115993,
      0.3445679025319116, 0.09221455647260338, 0.03301171439082687, 0.01717841964622277,
      0.017025267040480407, 0.026672021989425823, 0.04407584042164117, 0.05730671343437943,
      0.02275214247661274, -0.11056197762616667, -0.2651619284697101, -0.2574153743656121,
      -0.09973311487119775, 0.02590710534146471, 0.05865470021819582, 0.04848527110628413,
      0.033284393171013754, 0.03695613915296511
    ],
    [
      -0.05130918342626606, 0.01702526704048056, 0.017178419646222874, 0.03301171439082706,
      0.09221455647260371, 0.34456790253191144, 2.4026236866115984, -7.3037685519084965,
      -20.921485878632193, 51.209296504027975, -21.067369751541616, -7.303768551908504,
      2.4026236866115984, 0.3445679025319108, 0.09221455647260357, 0.03301171439082687,
      0.017178419646223055, 0.017025267040480532, 0.02667202198942581, 0.04407584042164127,
      0.05730671343437978, 0.022752142476612683, -0.11056197762616754, -0.26516192846971004,
      -0.2574153743656115, -0.0997331148711984, 0.025907105341464925, 0.05865470021819573,
      0.04848527110628418, 0.0741809203464866
    ],
    [
      -0.0938833840662551, 0.026672021989425622, 0.017025267040480567, 0.01717841964622277,
      0.03301171439082691, 0.09221455647260339, 0.3445679025319113, 2.4026236866115935,
      -7.303768551908496, -21.067369751541616, 51.505241035580845, -21.206597668374556,
      -7.303768551908481, 2.4026236866115833, 0.3445679025319099, 0.09221455647260329,
      0.03301171439082662, 0.01717841964622302, 0.017025267040480484, 0.026672021989425566,
      0.04407584042164126, 0.05730671343437947, 0.02275214247661244, -0.11056197762616746,
      -0.26516192846971, -0.25741537436561135, -0.09973311487119763, 0.025907105341464842,
      0.05865470021819579, 0.12773562829283025
    ],
    [
      -0.15823461318971851, 0.044075840421641276, 0.02667202198942573, 0.017025267040480498,
      0.0171784196462232, 0.03301171439082679, 0.09221455647260378, 0.34456790253191216,
      2.4026236866115993, -7.303768551908504, -21.206597668374556, 51.794567789419645,
      -21.34397704990401, -7.303768551908465, 2.4026236866115864, 0.3445679025319109,
      0.0922145564726035, 0.03301171439082707, 0.017178419646222885, 0.01702526704048067,
      0.02667202198942578, 0.044075840421641206, 0.05730671343437975, 0.022752142476612426,
      -0.11056197762616714, -0.26516192846971093, -0.25741537436561146, -0.0997331148711981,
      0.02590710534146488, 0.19394626173643525
    ],
    [
      -0.2446823444386773, 0.057306713434379666, 0.044075840421641296, 0.026672021989425816,
      0.017025267040480487, 0.01717841964622302, 0.033011714390826986, 0.09221455647260371,
      0.3445679025319116, 2.4026236866115984, -7.303768551908481, -21.34397704990401,
      52.078383100038046, -21.474782189142807, -7.303768551908485, 2.402623686611597,
      0.34456790253191183, 0.09221455647260383, 0.033011714390827014, 0.01717841964622283,
      0.017025267040480616, 0.026672021989425754, 0.04407584042164134, 0.0573067134343796,
      0.02275214247661255, -0.11056197762616746, -0.26516192846971043, -0.2574153743656117,
      -0.09973311487119862, 0.23336359504232468
    ],
    [
      -0.3109405826057503, 0.02275214247661255, 0.05730671343437964, 0.04407584042164126,
      0.026672021989425837, 0.017025267040480442, 0.01717841964622286, 0.03301171439082694,
      0.09221455647260338, 0.3445679025319108, 2.4026236866115833, -7.303768551908465,
      -21.474782189142807, 52.32895616380859, -21.577331097024658, -7.303768551908502,
      2.4026236866115993, 0.3445679025319124, 0.09221455647260375, 0.03301171439082688,
      0.017178419646222888, 0.017025267040480505, 0.02667202198942582, 0.04407584042164128,
      0.05730671343437961, 0.02275214247661278, -0.11056197762616732, -0.26516192846971,
      -0.25741537436561185, 0.1599175592116953
    ],
    [
      -0.25802899351465225, -0.11056197762616701, 0.022752142476612586, 0.05730671343437961,
      0.044075840421641324, 0.026672021989425636, 0.01702526704048067, 0.017178419646222937,
      0.03301171439082687, 0.09221455647260357, 0.3445679025319099, 2.4026236866115864,
      -7.303768551908485, -21.577331097024658, 52.48414745688891, -21.61752748042509,
      -7.303768551908508, 2.4026236866116006, 0.34456790253191216, 0.09221455647260351,
      0.033011714390827174, 0.017178419646222888, 0.017025267040480598, 0.026672021989425716,
      0.04407584042164133, 0.05730671343437968, 0.022752142476612447, -0.11056197762616717,
      -0.2651619284697096, -0.052293428416872845
    ],
    [
      -0.05229342841687236, -0.2651619284697099, -0.1105619776261674, 0.0227521424766126,
      0.057306713434379625, 0.044075840421641185, 0.026672021989425674, 0.017025267040480623,
      0.01717841964622277, 0.03301171439082687, 0.09221455647260329, 0.3445679025319109,
      2.402623686611597, -7.303768551908502, -21.61752748042509, 52.484147456888955,
      -21.577331097024686, -7.303768551908506, 2.4026236866115984, 0.3445679025319111,
      0.09221455647260371, 0.0330117143908268, 0.017178419646223082, 0.017025267040480435,
      0.026672021989425733, 0.04407584042164134, 0.057306713434379444, 0.02275214247661262,
      -0.11056197762616726, -0.2580289935146516
    ],
    [
      0.15991755921169493, -0.2574153743656118, -0.26516192846970915, -0.11056197762616715,
      0.022752142476612815, 0.05730671343437946, 0.04407584042164119, 0.026672021989425684,
      0.017025267040480407, 0.017178419646223055, 0.03301171439082662, 0.0922145564726035,
      0.34456790253191183, 2.4026236866115993, -7.303768551908508, -21.577331097024686,
      52.3289561638087, -21.474782189142868, -7.303768551908487, 2.402623686611586,
      0.3445679025319111, 0.09221455647260322, 0.03301171439082696, 0.017178419646222916,
      0.017025267040480525, 0.026672021989425698, 0.044075840421641185, 0.05730671343437965,
      0.022752142476612648, -0.3109405826057501
    ],
    [
      0.23336359504232443, -0.09973311487119857, -0.25741537436561207, -0.26516192846970965,
      -0.11056197762616733, 0.02275214247661283, 0.057306713434379666, 0.044075840421641276,
      0.026672021989425823, 0.017025267040480532, 0.01717841964622302, 0.03301171439082707,
      0.09221455647260383, 0.3445679025319124, 2.4026236866116006, -7.303768551908506,
      -21.474782189142868, 52.07838310003815, -21.343977049904034, -7.303768551908486,
      2.402623686611599, 0.3445679025319112, 0.09221455647260376, 0.033011714390826924,
      0.017178419646223048, 0.01702526704048056, 0.026672021989425712, 0.044075840421641366,
      0.057306713434379666, -0.24468234443867745
    ],
    [
      0.19394626173643525, 0.025907105341464648, -0.09973311487119854, -0.2574153743656122,
      -0.26516192846970976, -0.11056197762616708, 0.02275214247661264, 0.05730671343437968,
      0.04407584042164117, 0.02667202198942581, 0.017025267040480484, 0.017178419646222885,
      0.033011714390827014, 0.09221455647260375, 0.34456790253191216, 2.4026236866115984,
      -7.303768551908487, -21.343977049904034, 51.794567789419695, -21.20659766837457,
      -7.303768551908502, 2.4026236866115975, 0.3445679025319123, 0.09221455647260353,
      0.033011714390826924, 0.017178419646223096, 0.017025267040480477, 0.026672021989425875,
      0.044075840421641255, -0.1582346131897184
    ],
    [
      0.12773562829283042, 0.05865470021819588, 0.025907105341464707, -0.09973311487119821,
      -0.257415374365612, -0.2651619284697093, -0.1105619776261671, 0.02275214247661267,
      0.05730671343437943, 0.04407584042164127, 0.026672021989425566, 0.01702526704048067,
      0.01717841964622283, 0.03301171439082688, 0.09221455647260351, 0.3445679025319111,
      2.402623686611586, -7.303768551908486, -21.20659766837457, 51.505241035580845,
      -21.067369751541595, -7.3037685519084885, 2.402623686611589, 0.34456790253191133,
      0.09221455647260315, 0.03301171439082677, 0.017178419646222888, 0.01702526704048049,
      0.026672021989425657, -0.09388338406625531
    ],
    [
      0.0741809203464867, 0.04848527110628428, 0.0586547002181958, 0.02590710534146482,
      -0.09973311487119857, -0.2574153743656122, -0.2651619284697101, -0.11056197762616692,
      0.02275214247661274, 0.05730671343437978, 0.04407584042164126, 0.02667202198942578,
      0.017025267040480616, 0.017178419646222888, 0.033011714390827174, 0.09221455647260371,
      0.3445679025319111, 2.402623686611599, -7.303768551908502, -21.067369751541595,
      51.209296504027954, -20.921485878632186, -7.303768551908502, 2.4026236866116073,
      0.34456790253191, 0.09221455647260342, 0.033011714390826785, 0.017178419646223075,
      0.017025267040480532, -0.05130918342626615
    ],
    [
      0.03695613915296505, 0.03328439317101377, 0.04848527110628422, 0.058654700218195716,
      0.02590710534146471, -0.09973311487119842, -0.257415374365612, -0.2651619284697096,
      -0.11056197762616667, 0.022752142476612683, 0.05730671343437947, 0.044075840421641206,
      0.026672021989425754, 0.017025267040480505, 0.017178419646222888, 0.0330117143908268,
      0.09221455647260322, 0.3445679025319112, 2.4026236866115975, -7.3037685519084885,
      -20.921485878632186, 50.89045627689825, -20.758721404617546, -7.303768551908465,
      2.4026236866115633, 0.3445679025319097, 0.09221455647260315, 0.03301171439082677,
      0.017178419646222895, -0.02015164815763009
    ],
    [
      0.010645846383090702, 0.022948012131080883, 0.03328439317101386, 0.04848527110628431,
      0.05865470021819594, 0.025907105341464755, -0.09973311487119843, -0.25741537436561224,
      -0.2651619284697101, -0.11056197762616754, 0.02275214247661244, 0.05730671343437975,
      0.04407584042164134, 0.02667202198942582, 0.017025267040480598, 0.017178419646223082,
      0.03301171439082696, 0.09221455647260376, 0.3445679025319123, 2.402623686611589,
      -7.303768551908502, -20.758721404617546, 50.52064747272961, -20.562404644599283,
      -7.303768551908464, 2.4026236866116055, 0.3445679025319114, 0.09221455647260354,
      0.03301171439082688, 0.011116622263104602
    ],
    [
      -0.009824742822078453, 0.017414813290473848, 0.022948012131080893, 0.033284393171013824,
      0.04848527110628432, 0.05865470021819592, 0.025907105341464943, -0.09973311487119846,
      -0.2574153743656121, -0.26516192846971004, -0.11056197762616746, 0.022752142476612426,
      0.0573067134343796, 0.04407584042164128, 0.026672021989425716, 0.017025267040480435,
      0.017178419646222916, 0.033011714390826924, 0.09221455647260353, 0.34456790253191133,
      2.4026236866116073, -7.303768551908465, -20.562404644599283, 50.05226806398297,
      -20.303066356483964, -7.3037685519084965, 2.4026236866115873, 0.3445679025319113,
      0.09221455647260356, 0.05990847318165221
    ],
    [
      -0.02762578027706921, 0.014881406348331908, 0.017414813290473816, 0.02294801213108083,
      0.03328439317101379, 0.048485271106284075, 0.05865470021819569, 0.02590710534146484,
      -0.09973311487119775, -0.2574153743656115, -0.26516192846971, -0.11056197762616714,
      0.02275214247661255, 0.05730671343437961, 0.04407584042164133, 0.026672021989425733,
      0.017025267040480525, 0.017178419646223048, 0.033011714390826924, 0.09221455647260315,
      0.34456790253191, 2.4026236866115633, -7.303768551908464, -20.303066356483964,
      49.393329579412416, -19.920790697540937, -7.3037685519084725, 2.402623686611587,
      0.34456790253191144, 0.17236719827315003
    ],
    [
      -0.0438985258616126, 0.013356513768091507, 0.014881406348331908, 0.017414813290473837,
      0.022948012131080883, 0.033284393171013775, 0.04848527110628423, 0.0586547002181958,
      0.02590710534146471, -0.0997331148711984, -0.25741537436561135, -0.26516192846971093,
      -0.11056197762616746, 0.02275214247661278, 0.05730671343437968, 0.04407584042164134,
      0.026672021989425698, 0.01702526704048056, 0.017178419646223096, 0.03301171439082677,
      0.09221455647260342, 0.3445679025319097, 2.4026236866116055, -7.3037685519084965,
      -19.920790697540937, 48.33123572343421, -19.26940760965081, -7.303768551908502,
      2.402623686611609, 0.5482864417665668
    ],
    [
      -0.057378289184025086, 0.010452371841693252, 0.01335651376809142, 0.014881406348331894,
      0.017414813290473816, 0.022948012131080827, 0.03328439317101376, 0.04848527110628421,
      0.05865470021819582, 0.025907105341464925, -0.09973311487119763, -0.25741537436561146,
      -0.26516192846971043, -0.11056197762616732, 0.022752142476612447, 0.057306713434379444,
      0.044075840421641185, 0.026672021989425712, 0.017025267040480477, 0.017178419646222888,
      0.033011714390826785, 0.09221455647260315, 0.3445679025319114, 2.4026236866115873,
      -7.3037685519084725, -19.26940760965081, 46.217644488052436, -17.87197647621631,
      -7.3037685519085045, 3.018714533916065
    ],
    [
      -0.06403398819849211, 0.003438366039236968, 0.010452371841693354, 0.013356513768091492,
      0.014881406348331978, 0.017414813290473743, 0.022948012131080896, 0.033284393171013775,
      0.04848527110628413, 0.05865470021819573, 0.025907105341464842, -0.0997331148711981,
      -0.2574153743656117, -0.26516192846971, -0.11056197762616717, 0.02275214247661262,
      0.05730671343437965, 0.044075840421641366, 0.026672021989425875, 0.01702526704048049,
      0.017178419646223075, 0.03301171439082677, 0.09221455647260354, 0.3445679025319113,
      2.402623686611587, -7.303768551908502, -17.87197647621631, 39.31441195677911,
      -12.734957127893175, -3.9130546355015
    ],
    [
      -0.058310819519593424, -0.009115519390977626, 0.003438366039236929, 0.010452371841693281,
      0.013356513768091476, 0.0148814063483319, 0.01741481329047384, 0.022948012131080827,
      0.033284393171013754, 0.04848527110628418, 0.05865470021819579, 0.02590710534146488,
      -0.09973311487119862, -0.25741537436561185, -0.2651619284697096, -0.11056197762616726,
      0.022752142476612648, 0.057306713434379666, 0.044075840421641255, 0.026672021989425657,
      0.017025267040480532, 0.017178419646222895, 0.03301171439082688, 0.09221455647260356,
      0.34456790253191144, 2.402623686611609, -7.3037685519085045, -12.734957127893175,
      34.0193353380104, -16.486562142237045
    ],
    [
      0.11133822978514588, -0.058310819519593396, -0.06403398819849215, -0.0573782891840251,
      -0.04389852586161251, -0.02762578027706931, -0.009824742822078377, 0.010645846383090626,
      0.03695613915296511, 0.0741809203464866, 0.12773562829283025, 0.19394626173643525,
      0.23336359504232468, 0.1599175592116953, -0.052293428416872845, -0.2580289935146516,
      -0.3109405826057501, -0.24468234443867745, -0.1582346131897184, -0.09388338406625531,
      -0.05130918342626615, -0.02015164815763009, 0.011116622263104602, 0.05990847318165221,
      0.17236719827315003, 0.5482864417665668, 3.018714533916065, -3.9130546355015,
      -16.486562142237045, 17.091735652065726
    ]
  ],
  "A3": [
    [
      17.0917356520657, -16.486562142237013, -3.913054635501508, 3.0187145339160697,
      0.5482864417665653, 0.17236719827315014, 0.059908473181651975, 0.01111662226310465,
      -0.020151648157630167, -0.05130918342626606, -0.0938833840662551, -0.15823461318971851,
      -0.2446823444386773, -0.3109405826057503, -0.25802899351465225, -0.05229342841687236,
      0.15991755921169493, 0.23336359504232443, 0.19394626173643525, 0.12773562829283042,
      0.0741809203464867, 0.03695613915296505, 0.010645846383090702, -0.009824742822078453,
      -0.02762578027706921, -0.0438985258616126, -0.057378289184025086, -0.06403398819849211,
      -0.058310819519593424, 0.11133822978514588, 0.0, 0.0, 0.0, 0.0, 0.0, 0.0, 0.0, 0.0, 0.0, 0.0,
      0.0, 0.0, 0.0, 0.0, 0.0, 0.0, 0.0, 0.0, 0.0, 0.0, 0.0, 0.0, 0.0, 0.0, 0.0, 0.0, 0.0, 0.0, 0.0,
      0.0, 0.0, 0.0, 0.0, 0.0, 0.0, 0.0, 0.0, 0.0, 0.0, 0.0, 0.0, 0.0, 0.0, 0.0, 0.0, 0.0, 0.0, 0.0,
      0.0, 0.0, 0.0, 0.0, 0.0, 0.0, 0.0, 0.0, 0.0, 0.0, 0.0, 0.0
    ],
    [
      -16.486562142237013, 34.01933533801034, -12.73495712789316, -7.303768551908494,
      2.4026236866115958, 0.34456790253191133, 0.09221455647260351, 0.03301171439082698,
      0.017178419646222874, 0.01702526704048056, 0.026672021989425622, 0.044075840421641276,
      0.057306713434379666, 0.02275214247661255, -0.11056197762616701, -0.2651619284697099,
      -0.2574153743656118, -0.09973311487119857, 0.025907105341464648, 0.05865470021819588,
      0.04848527110628428, 0.03328439317101377, 0.022948012131080883, 0.017414813290473848,
      0.014881406348331908, 0.013356513768091507, 0.010452371841693252, 0.003438366039236968,
      -0.009115519390977626, -0.058310819519593396, 0.0, 0.0, 0.0, 0.0, 0.0, 0.0, 0.0, 0.0, 0.0,
      0.0, 0.0, 0.0, 0.0, 0.0, 0.0, 0.0, 0.0, 0.0, 0.0, 0.0, 0.0, 0.0, 0.0, 0.0, 0.0, 0.0, 0.0, 0.0,
      0.0, 0.0, 0.0, 0.0, 0.0, 0.0, 0.0, 0.0, 0.0, 0.0, 0.0, 0.0, 0.0, 0.0, 0.0, 0.0, 0.0, 0.0, 0.0,
      0.0, 0.0, 0.0, 0.0, 0.0, 0.0, 0.0, 0.0, 0.0, 0.0, 0.0, 0.0, 0.0
    ],
    [
      -3.913054635501508, -12.73495712789316, 39.31441195677907, -17.871976476216314,
      -7.303768551908496, 2.402623686611596, 0.34456790253191166, 0.09221455647260358,
      0.033011714390826855, 0.017178419646222874, 0.017025267040480567, 0.02667202198942573,
      0.044075840421641296, 0.05730671343437964, 0.022752142476612586, -0.1105619776261674,
      -0.26516192846970915, -0.25741537436561207, -0.09973311487119854, 0.025907105341464707,
      0.0586547002181958, 0.04848527110628422, 0.03328439317101386, 0.022948012131080893,
      0.017414813290473816, 0.014881406348331908, 0.01335651376809142, 0.010452371841693354,
      0.003438366039236929, -0.06403398819849215, 0.0, 0.0, 0.0, 0.0, 0.0, 0.0, 0.0, 0.0, 0.0, 0.0,
      0.0, 0.0, 0.0, 0.0, 0.0, 0.0, 0.0, 0.0, 0.0, 0.0, 0.0, 0.0, 0.0, 0.0, 0.0, 0.0, 0.0, 0.0, 0.0,
      0.0, 0.0, 0.0, 0.0, 0.0, 0.0, 0.0, 0.0, 0.0, 0.0, 0.0, 0.0, 0.0, 0.0, 0.0, 0.0, 0.0, 0.0, 0.0,
      0.0, 0.0, 0.0, 0.0, 0.0, 0.0, 0.0, 0.0, 0.0, 0.0, 0.0, 0.0
    ],
    [
      3.0187145339160697, -7.303768551908494, -17.871976476216314, 46.217644488052436,
      -19.269407609650838, -7.303768551908496, 2.402623686611595, 0.34456790253191116,
      0.09221455647260335, 0.03301171439082706, 0.01717841964622277, 0.017025267040480498,
      0.026672021989425816, 0.04407584042164126, 0.05730671343437961, 0.0227521424766126,
      -0.11056197762616715, -0.26516192846970965, -0.2574153743656122, -0.09973311487119821,
      0.02590710534146482, 0.058654700218195716, 0.04848527110628431, 0.033284393171013824,
      0.02294801213108083, 0.017414813290473837, 0.014881406348331894, 0.013356513768091492,
      0.010452371841693281, -0.0573782891840251, 0.0, 0.0, 0.0, 0.0, 0.0, 0.0, 0.0, 0.0, 0.0, 0.0,
      0.0, 0.0, 0.0, 0.0, 0.0, 0.0, 0.0, 0.0, 0.0, 0.0, 0.0, 0.0, 0.0, 0.0, 0.0, 0.0, 0.0, 0.0, 0.0,
      0.0, 0.0, 0.0, 0.0, 0.0, 0.0, 0.0, 0.0, 0.0, 0.0, 0.0, 0.0, 0.0, 0.0, 0.0, 0.0, 0.0, 0.0, 0.0,
      0.0, 0.0, 0.0, 0.0, 0.0, 0.0, 0.0, 0.0, 0.0, 0.0, 0.0, 0.0
    ],
    [
      0.5482864417665653, 2.4026236866115958, -7.303768551908496, -19.269407609650838,
      48.331235723434254, -19.92079069754093, -7.303768551908491, 2.4026236866115935,
      0.3445679025319112, 0.09221455647260371, 0.03301171439082691, 0.0171784196462232,
      0.017025267040480487, 0.026672021989425837, 0.044075840421641324, 0.057306713434379625,
      0.022752142476612815, -0.11056197762616733, -0.26516192846970976, -0.257415374365612,
      -0.09973311487119857, 0.02590710534146471, 0.05865470021819594, 0.04848527110628432,
      0.03328439317101379, 0.022948012131080883, 0.017414813290473816, 0.014881406348331978,
      0.013356513768091476, -0.04389852586161251, 0.0, 0.0, 0.0, 0.0, 0.0, 0.0, 0.0, 0.0, 0.0, 0.0,
      0.0, 0.0, 0.0, 0.0, 0.0, 0.0, 0.0, 0.0, 0.0, 0.0, 0.0, 0.0, 0.0, 0.0, 0.0, 0.0, 0.0, 0.0, 0.0,
      0.0, 0.0, 0.0, 0.0, 0.0, 0.0, 0.0, 0.0, 0.0, 0.0, 0.0, 0.0, 0.0, 0.0, 0.0, 0.0, 0.0, 0.0, 0.0,
      0.0, 0.0, 0.0, 0.0, 0.0, 0.0, 0.0, 0.0, 0.0, 0.0, 0.0, 0.0
    ],
    [
      0.17236719827315014, 0.34456790253191133, 2.402623686611596, -7.303768551908496,
      -19.92079069754093, 49.39332957941244, -20.303066356483967, -7.303768551908486,
      2.4026236866115913, 0.34456790253191144, 0.09221455647260339, 0.03301171439082679,
      0.01717841964622302, 0.017025267040480442, 0.026672021989425636, 0.044075840421641185,
      0.05730671343437946, 0.02275214247661283, -0.11056197762616708, -0.2651619284697093,
      -0.2574153743656122, -0.09973311487119842, 0.025907105341464755, 0.05865470021819592,
      0.048485271106284075, 0.033284393171013775, 0.022948012131080827, 0.017414813290473743,
      0.0148814063483319, -0.02762578027706931, 0.0, 0.0, 0.0, 0.0, 0.0, 0.0, 0.0, 0.0, 0.0, 0.0,
      0.0, 0.0, 0.0, 0.0, 0.0, 0.0, 0.0, 0.0, 0.0, 0.0, 0.0, 0.0, 0.0, 0.0, 0.0, 0.0, 0.0, 0.0, 0.0,
      0.0, 0.0, 0.0, 0.0, 0.0, 0.0, 0.0, 0.0, 0.0, 0.0, 0.0, 0.0, 0.0, 0.0, 0.0, 0.0, 0.0, 0.0, 0.0,
      0.0, 0.0, 0.0, 0.0, 0.0, 0.0, 0.0, 0.0, 0.0, 0.0, 0.0, 0.0
    ],
    [
      0.059908473181651975, 0.09221455647260351, 0.34456790253191166, 2.402623686611595,
      -7.303768551908491, -20.303066356483967, 50.052268063983064, -20.562404644599322,
      -7.303768551908493, 2.4026236866115984, 0.3445679025319113, 0.09221455647260378,
      0.033011714390826986, 0.01717841964622286, 0.01702526704048067, 0.026672021989425674,
      0.04407584042164119, 0.057306713434379666, 0.02275214247661264, -0.1105619776261671,
      -0.2651619284697101, -0.257415374365612, -0.09973311487119843, 0.025907105341464943,
      0.05865470021819569, 0.04848527110628423, 0.03328439317101376, 0.022948012131080896,
      0.01741481329047384, -0.009824742822078377, 0.0, 0.0, 0.0, 0.0, 0.0, 0.0, 0.0, 0.0, 0.0, 0.0,
      0.0, 0.0, 0.0, 0.0, 0.0, 0.0, 0.0, 0.0, 0.0, 0.0, 0.0, 0.0, 0.0, 0.0, 0.0, 0.0, 0.0, 0.0, 0.0,
      0.0, 0.0, 0.0, 0.0, 0.0, 0.0, 0.0, 0.0, 0.0, 0.0, 0.0, 0.0, 0.0, 0.0, 0.0, 0.0, 0.0, 0.0, 0.0,
      0.0, 0.0, 0.0, 0.0, 0.0, 0.0, 0.0, 0.0, 0.0, 0.0, 0.0, 0.0
    ],
    [
      0.01111662226310465, 0.03301171439082698, 0.09221455647260358, 0.34456790253191116,
      2.4026236866115935, -7.303768551908486, -20.562404644599322, 50.520647472729706,
      -20.758721404617564, -7.3037685519084965, 2.4026236866115935, 0.34456790253191216,
      0.09221455647260371, 0.03301171439082694, 0.017178419646222937, 0.017025267040480623,
      0.026672021989425684, 0.044075840421641276, 0.05730671343437968, 0.02275214247661267,
      -0.11056197762616692, -0.2651619284697096, -0.25741537436561224, -0.09973311487119846,
      0.02590710534146484, 0.0586547002181958, 0.04848527110628421, 0.033284393171013775,
      0.022948012131080827, 0.010645846383090626, 0.0, 0.0, 0.0, 0.0, 0.0, 0.0, 0.0, 0.0, 0.0, 0.0,
      0.0, 0.0, 0.0, 0.0, 0.0, 0.0, 0.0, 0.0, 0.0, 0.0, 0.0, 0.0, 0.0, 0.0, 0.0, 0.0, 0.0, 0.0, 0.0,
      0.0, 0.0, 0.0, 0.0, 0.0, 0.0, 0.0, 0.0, 0.0, 0.0, 0.0, 0.0, 0.0, 0.0, 0.0, 0.0, 0.0, 0.0, 0.0,
      0.0, 0.0, 0.0, 0.0, 0.0, 0.0, 0.0, 0.0, 0.0, 0.0, 0.0, 0.0
    ],
    [
      -0.020151648157630167, 0.017178419646222874, 0.033011714390826855, 0.09221455647260335,
      0.3445679025319112, 2.4026236866115913, -7.303768551908493, -20.758721404617564,
      50.89045627689829, -20.921485878632193, -7.303768551908496, 2.4026236866115993,
      0.3445679025319116, 0.09221455647260338, 0.03301171439082687, 0.01717841964622277,
      0.017025267040480407, 0.026672021989425823, 0.04407584042164117, 0.05730671343437943,
      0.02275214247661274, -0.11056197762616667, -0.2651619284697101, -0.2574153743656121,
      -0.09973311487119775, 0.02590710534146471, 0.05865470021819582, 0.04848527110628413,
      0.033284393171013754, 0.03695613915296511, 0.0, 0.0, 0.0, 0.0, 0.0, 0.0, 0.0, 0.0, 0.0, 0.0,
      0.0, 0.0, 0.0, 0.0, 0.0, 0.0, 0.0, 0.0, 0.0, 0.0, 0.0, 0.0, 0.0, 0.0, 0.0, 0.0, 0.0, 0.0, 0.0,
      0.0, 0.0, 0.0, 0.0, 0.0, 0.0, 0.0, 0.0, 0.0, 0.0, 0.0, 0.0, 0.0, 0.0, 0.0, 0.0, 0.0, 0.0, 0.0,
      0.0, 0.0, 0.0, 0.0, 0.0, 0.0, 0.0, 0.0, 0.0, 0.0, 0.0, 0.0
    ],
    [
      -0.05130918342626606, 0.01702526704048056, 0.017178419646222874, 0.03301171439082706,
      0.09221455647260371, 0.34456790253191144, 2.4026236866115984, -7.3037685519084965,
      -20.921485878632193, 51.209296504027975, -21.067369751541616, -7.303768551908504,
      2.4026236866115984, 0.3445679025319108, 0.09221455647260357, 0.03301171439082687,
      0.017178419646223055, 0.017025267040480532, 0.02667202198942581, 0.04407584042164127,
      0.05730671343437978, 0.022752142476612683, -0.11056197762616754, -0.26516192846971004,
      -0.2574153743656115, -0.0997331148711984, 0.025907105341464925, 0.05865470021819573,
      0.04848527110628418, 0.0741809203464866, 0.0, 0.0, 0.0, 0.0, 0.0, 0.0, 0.0, 0.0, 0.0, 0.0,
      0.0, 0.0, 0.0, 0.0, 0.0, 0.0, 0.0, 0.0, 0.0, 0.0, 0.0, 0.0, 0.0, 0.0, 0.0, 0.0, 0.0, 0.0, 0.0,
      0.0, 0.0, 0.0, 0.0, 0.0, 0.0, 0.0, 0.0, 0.0, 0.0, 0.0, 0.0, 0.0, 0.0, 0.0, 0.0, 0.0, 0.0, 0.0,
      0.0, 0.0, 0.0, 0.0, 0.0, 0.0, 0.0, 0.0, 0.0, 0.0, 0.0, 0.0
    ],
    [
      -0.0938833840662551, 0.026672021989425622, 0.017025267040480567, 0.01717841964622277,
      0.03301171439082691, 0.09221455647260339, 0.3445679025319113, 2.4026236866115935,
      -7.303768551908496, -21.067369751541616, 51.505241035580845, -21.206597668374556,
      -7.303768551908481, 2.4026236866115833, 0.3445679025319099, 0.09221455647260329,
      0.03301171439082662, 0.01717841964622302, 0.017025267040480484, 0.026672021989425566,
      0.04407584042164126, 0.05730671343437947, 0.02275214247661244, -0.11056197762616746,
      -0.26516192846971, -0.25741537436561135, -0.09973311487119763, 0.025907105341464842,
      0.05865470021819579, 0.12773562829283025, 0.0, 0.0, 0.0, 0.0, 0.0, 0.0, 0.0, 0.0, 0.0, 0.0,
      0.0, 0.0, 0.0, 0.0, 0.0, 0.0, 0.0, 0.0, 0.0, 0.0, 0.0, 0.0, 0.0, 0.0, 0.0, 0.0, 0.0, 0.0, 0.0,
      0.0, 0.0, 0.0, 0.0, 0.0, 0.0, 0.0, 0.0, 0.0, 0.0, 0.0, 0.0, 0.0, 0.0, 0.0, 0.0, 0.0, 0.0, 0.0,
      0.0, 0.0, 0.0, 0.0, 0.0, 0.0, 0.0, 0.0, 0.0, 0.0, 0.0, 0.0
    ],
    [
      -0.15823461318971851, 0.044075840421641276, 0.02667202198942573, 0.017025267040480498,
      0.0171784196462232, 0.03301171439082679, 0.09221455647260378, 0.34456790253191216,
      2.4026236866115993, -7.303768551908504, -21.206597668374556, 51.794567789419645,
      -21.34397704990401, -7.303768551908465, 2.4026236866115864, 0.3445679025319109,
      0.0922145564726035, 0.03301171439082707, 0.017178419646222885, 0.01702526704048067,
      0.02667202198942578, 0.044075840421641206, 0.05730671343437975, 0.022752142476612426,
      -0.11056197762616714, -0.26516192846971093, -0.25741537436561146, -0.0997331148711981,
      0.02590710534146488, 0.19394626173643525, 0.0, 0.0, 0.0, 0.0, 0.0, 0.0, 0.0, 0.0, 0.0, 0.0,
      0.0, 0.0, 0.0, 0.0, 0.0, 0.0, 0.0, 0.0, 0.0, 0.0, 0.0, 0.0, 0.0, 0.0, 0.0, 0.0, 0.0, 0.0, 0.0,
      0.0, 0.0, 0.0, 0.0, 0.0, 0.0, 0.0, 0.0, 0.0, 0.0, 0.0, 0.0, 0.0, 0.0, 0.0, 0.0, 0.0, 0.0, 0.0,
      0.0, 0.0, 0.0, 0.0, 0.0, 0.0, 0.0, 0.0, 0.0, 0.0, 0.0, 0.0
    ],
    [
      -0.2446823444386773, 0.057306713434379666, 0.044075840421641296, 0.026672021989425816,
      0.017025267040480487, 0.01717841964622302, 0.033011714390826986, 0.09221455647260371,
      0.3445679025319116, 2.4026236866115984, -7.303768551908481, -21.34397704990401,
      52.078383100038046, -21.474782189142807, -7.303768551908485, 2.402623686611597,
      0.34456790253191183, 0.09221455647260383, 0.033011714390827014, 0.01717841964622283,
      0.017025267040480616, 0.026672021989425754, 0.04407584042164134, 0.0573067134343796,
      0.02275214247661255, -0.11056197762616746, -0.26516192846971043, -0.2574153743656117,
      -0.09973311487119862, 0.23336359504232468, 0.0, 0.0, 0.0, 0.0, 0.0, 0.0, 0.0, 0.0, 0.0, 0.0,
      0.0, 0.0, 0.0, 0.0, 0.0, 0.0, 0.0, 0.0, 0.0, 0.0, 0.0, 0.0, 0.0, 0.0, 0.0, 0.0, 0.0, 0.0, 0.0,
      0.0, 0.0, 0.0, 0.0, 0.0, 0.0, 0.0, 0.0, 0.0, 0.0, 0.0, 0.0, 0.0, 0.0, 0.0, 0.0, 0.0, 0.0, 0.0,
      0.0, 0.0, 0.0, 0.0, 0.0, 0.0, 0.0, 0.0, 0.0, 0.0, 0.0, 0.0
    ],
    [
      -0.3109405826057503, 0.02275214247661255, 0.05730671343437964, 0.04407584042164126,
      0.026672021989425837, 0.017025267040480442, 0.01717841964622286, 0.03301171439082694,
      0.09221455647260338, 0.3445679025319108, 2.4026236866115833, -7.303768551908465,
      -21.474782189142807, 52.32895616380859, -21.577331097024658, -7.303768551908502,
      2.4026236866115993, 0.3445679025319124, 0.09221455647260375, 0.03301171439082688,
      0.017178419646222888, 0.017025267040480505, 0.02667202198942582, 0.04407584042164128,
      0.05730671343437961, 0.02275214247661278, -0.11056197762616732, -0.26516192846971,
      -0.25741537436561185, 0.1599175592116953, 0.0, 0.0, 0.0, 0.0, 0.0, 0.0, 0.0, 0.0, 0.0, 0.0,
      0.0, 0.0, 0.0, 0.0, 0.0, 0.0, 0.0, 0.0, 0.0, 0.0, 0.0, 0.0, 0.0, 0.0, 0.0, 0.0, 0.0, 0.0, 0.0,
      0.0, 0.0, 0.0, 0.0, 0.0, 0.0, 0.0, 0.0, 0.0, 0.0, 0.0, 0.0, 0.0, 0.0, 0.0, 0.0, 0.0, 0.0, 0.0,
      0.0, 0.0, 0.0, 0.0, 0.0, 0.0, 0.0, 0.0, 0.0, 0.0, 0.0, 0.0
    ],
    [
      -0.25802899351465225, -0.11056197762616701, 0.022752142476612586, 0.05730671343437961,
      0.044075840421641324, 0.026672021989425636, 0.01702526704048067, 0.017178419646222937,
      0.03301171439082687, 0.09221455647260357, 0.3445679025319099, 2.4026236866115864,
      -7.303768551908485, -21.577331097024658, 52.48414745688891, -21.61752748042509,
      -7.303768551908508, 2.4026236866116006, 0.34456790253191216, 0.09221455647260351,
      0.033011714390827174, 0.017178419646222888, 0.017025267040480598, 0.026672021989425716,
      0.04407584042164133, 0.05730671343437968, 0.022752142476612447, -0.11056197762616717,
      -0.2651619284697096, -0.052293428416872845, 0.0, 0.0, 0.0, 0.0, 0.0, 0.0, 0.0, 0.0, 0.0, 0.0,
      0.0, 0.0, 0.0, 0.0, 0.0, 0.0, 0.0, 0.0, 0.0, 0.0, 0.0, 0.0, 0.0, 0.0, 0.0, 0.0, 0.0, 0.0, 0.0,
      0.0, 0.0, 0.0, 0.0, 0.0, 0.0, 0.0, 0.0, 0.0, 0.0, 0.0, 0.0, 0.0, 0.0, 0.0, 0.0, 0.0, 0.0, 0.0,
      0.0, 0.0, 0.0, 0.0, 0.0, 0.0, 0.0, 0.0, 0.0, 0.0, 0.0, 0.0
    ],
    [
      -0.05229342841687236, -0.2651619284697099, -0.1105619776261674, 0.0227521424766126,
      0.057306713434379625, 0.044075840421641185, 0.026672021989425674, 0.017025267040480623,
      0.01717841964622277, 0.03301171439082687, 0.09221455647260329, 0.3445679025319109,
      2.402623686611597, -7.303768551908502, -21.61752748042509, 52.484147456888955,
      -21.577331097024686, -7.303768551908506, 2.4026236866115984, 0.3445679025319111,
      0.09221455647260371, 0.0330117143908268, 0.017178419646223082, 0.017025267040480435,
      0.026672021989425733, 0.04407584042164134, 0.057306713434379444, 0.02275214247661262,
      -0.11056197762616726, -0.2580289935146516, 0.0, 0.0, 0.0, 0.0, 0.0, 0.0, 0.0, 0.0, 0.0, 0.0,
      0.0, 0.0, 0.0, 0.0, 0.0, 0.0, 0.0, 0.0, 0.0, 0.0, 0.0, 0.0, 0.0, 0.0, 0.0, 0.0, 0.0, 0.0, 0.0,
      0.0, 0.0, 0.0, 0.0, 0.0, 0.0, 0.0, 0.0, 0.0, 0.0, 0.0, 0.0, 0.0, 0.0, 0.0, 0.0, 0.0, 0.0, 0.0,
      0.0, 0.0, 0.0, 0.0, 0.0, 0.0, 0.0, 0.0, 0.0, 0.0, 0.0, 0.0
    ],
    [
      0.15991755921169493, -0.2574153743656118, -0.26516192846970915, -0.11056197762616715,
      0.022752142476612815, 0.05730671343437946, 0.04407584042164119, 0.026672021989425684,
      0.017025267040480407, 0.017178419646223055, 0.03301171439082662, 0.0922145564726035,
      0.34456790253191183, 2.4026236866115993, -7.303768551908508, -21.577331097024686,
      52.3289561638087, -21.474782189142868, -7.303768551908487, 2.402623686611586,
      0.3445679025319111, 0.09221455647260322, 0.03301171439082696, 0.017178419646222916,
      0.017025267040480525, 0.026672021989425698, 0.044075840421641185, 0.05730671343437965,
      0.022752142476612648, -0.3109405826057501, 0.0, 0.0, 0.0, 0.0, 0.0, 0.0, 0.0, 0.0, 0.0, 0.0,
      0.0, 0.0, 0.0, 0.0, 0.0, 0.0, 0.0, 0.0, 0.0, 0.0, 0.0, 0.0, 0.0, 0.0, 0.0, 0.0, 0.0, 0.0, 0.0,
      0.0, 0.0, 0.0, 0.0, 0.0, 0.0, 0.0, 0.0, 0.0, 0.0, 0.0, 0.0, 0.0, 0.0, 0.0, 0.0, 0.0, 0.0, 0.0,
      0.0, 0.0, 0.0, 0.0, 0.0, 0.0, 0.0, 0.0, 0.0, 0.0, 0.0, 0.0
    ],
    [
      0.23336359504232443, -0.09973311487119857, -0.25741537436561207, -0.26516192846970965,
      -0.11056197762616733, 0.02275214247661283, 0.057306713434379666, 0.044075840421641276,
      0.026672021989425823, 0.017025267040480532, 0.01717841964622302, 0.03301171439082707,
      0.09221455647260383, 0.3445679025319124, 2.4026236866116006, -7.303768551908506,
      -21.474782189142868, 52.07838310003815, -21.343977049904034, -7.303768551908486,
      2.402623686611599, 0.3445679025319112, 0.09221455647260376, 0.033011714390826924,
      0.017178419646223048, 0.01702526704048056, 0.026672021989425712, 0.044075840421641366,
      0.057306713434379666, -0.24468234443867745, 0.0, 0.0, 0.0, 0.0, 0.0, 0.0, 0.0, 0.0, 0.0, 0.0,
      0.0, 0.0, 0.0, 0.0, 0.0, 0.0, 0.0, 0.0, 0.0, 0.0, 0.0, 0.0, 0.0, 0.0, 0.0, 0.0, 0.0, 0.0, 0.0,
      0.0, 0.0, 0.0, 0.0, 0.0, 0.0, 0.0, 0.0, 0.0, 0.0, 0.0, 0.0, 0.0, 0.0, 0.0, 0.0, 0.0, 0.0, 0.0,
      0.0, 0.0, 0.0, 0.0, 0.0, 0.0, 0.0, 0.0, 0.0, 0.0, 0.0, 0.0
    ],
    [
      0.19394626173643525, 0.025907105341464648, -0.09973311487119854, -0.2574153743656122,
      -0.26516192846970976, -0.11056197762616708, 0.02275214247661264, 0.05730671343437968,
      0.04407584042164117, 0.02667202198942581, 0.017025267040480484, 0.017178419646222885,
      0.033011714390827014, 0.09221455647260375, 0.34456790253191216, 2.4026236866115984,
      -7.303768551908487, -21.343977049904034, 51.794567789419695, -21.20659766837457,
      -7.303768551908502, 2.4026236866115975, 0.3445679025319123, 0.09221455647260353,
      0.033011714390826924, 0.017178419646223096, 0.017025267040480477, 0.026672021989425875,
      0.044075840421641255, -0.1582346131897184, 0.0, 0.0, 0.0, 0.0, 0.0, 0.0, 0.0, 0.0, 0.0, 0.0,
      0.0, 0.0, 0.0, 0.0, 0.0, 0.0, 0.0, 0.0, 0.0, 0.0, 0.0, 0.0, 0.0, 0.0, 0.0, 0.0, 0.0, 0.0, 0.0,
      0.0, 0.0, 0.0, 0.0, 0.0, 0.0, 0.0, 0.0, 0.0, 0.0, 0.0, 0.0, 0.0, 0.0, 0.0, 0.0, 0.0, 0.0, 0.0,
