{
  "A": [
    [
      163.30927373625616, -35.81647999399828, -6.774443624152867, 2.6064166562871134,
      -29.811099005270435, -6.469775886076992, 2.087936004789039, -32.991659326050254,
      -6.425786751458077, 1.5844503871055866, -1.338993896536329, -23.564451702168498,
      -24.50901045215013, -1.886376146576028
    ],
    [
      -35.81647999399828, 134.07232150014988, -29.463745762580402, -3.649697723629692,
      -3.5453375955613478, 0.6383797414521967, 0.21689453041481133, -3.616946232255271,
      0.6057275817977119, 0.22373086633125955, 1.4917602934539351, -14.42827534347678,
      -33.28301000046356, -13.445321861634472
    ],
    [
      -6.774443624152867, -29.463745762580402, 88.17512316660506, -21.218386316978783,
      0.580233636461061, 0.2046259094565566, 0.12531472596176227, 0.5165024818869715,
      0.2183120941127664, 0.12611048306500858, 0.4919832497368115, -0.8725769861290456,
      -18.015658112590827, -14.093394944854053
    ],
    [
      2.6064166562871134, -3.649697723629692, -21.218386316978783, 24.460566161368977,
      0.18089767158751374, 0.12026076520210224, 0.17480455031477157, 0.1740582355952111,
      0.12199055659803158, 0.1702707251499149, 0.42718581314362386, 1.4328712980798957,
      2.5002312382960428, -7.5014696310147215
    ],
    [
      -29.811099005270435, -3.5453375955613478, 0.580233636461061, 0.18089767158751374,
      65.6865041083613, -19.597973173144496, -3.330047312588902, -3.7716617941456807,
      0.6360878891529599, 0.2632715427880252, -1.4115691219488693, -3.251010667923735,
      -2.231978218583417, -0.39631795918398816
    ],
    [
      -6.469775886076992, 0.6383797414521967, 0.2046259094565566, 0.12026076520210224,
      -19.597973173144496, 38.3236708021631, -12.259738202061193, 0.47564580703613085,
      0.2265644392350072, 0.1436802247283893, -0.6432845375281204, -0.9419983253726467,
      -0.2919974145571582, 0.07193984946711585
    ],
    [
      2.087936004789039, 0.21689453041481133, 0.12531472596176227, 0.17480455031477157,
      -3.330047312588902, -12.259738202061193, 12.657643988437886, 0.28982266792776007,
      0.10721500656787007, 0.13582183335714546, -0.23274492732483779, -0.1285249799627847,
      0.03729742579079, 0.11830468837587911
    ],
    [
      -32.991659326050254, -3.616946232255271, 0.5165024818869715, 0.1740582355952111,
      -3.7716617941456807, 0.47564580703613085, 0.28982266792776007, 92.55566238071569,
      -24.670240147686755, -2.936385784169124, -6.632222221355809, -14.030074084851583,
      -6.254836826279972, 0.8923348436326943
    ],
    [
      -6.425786751458077, 0.6057275817977119, 0.2183120941127664, 0.12199055659803158,
      0.6360878891529599, 0.2265644392350072, 0.10721500656787007, -24.670240147686755,
      53.75651846464324, -13.341435571910536, -6.060156148296871, -5.8467353118437835,
      0.21009174466701053, 0.46184615442141164
    ],
    [
      1.5844503871055866, 0.22373086633125955, 0.12611048306500858, 0.1702707251499149,
      0.2632715427880252, 0.1436802247283893, 0.13582183335714546, -2.936385784169124,
      -13.341435571910536, 14.131888030633801, -1.6602891602817027, 0.23984879262807093,
      0.5784282924982497, 0.3406093380759115
    ],
    [
      -1.338993896536329, 1.4917602934539351, 0.4919832497368115, 0.42718581314362386,
      -1.4115691219488693, -0.6432845375281204, -0.23274492732483779, -6.632222221355809,
      -6.060156148296871, -1.6602891602817027, 25.80980266735911, -10.241422952797063,
      -1.101684292205088, 1.1016352345812102
    ],
    [
      -23.564451702168498, -14.42827534347678, -0.8725769861290456, 1.4328712980798957,
      -3.251010667923735, -0.9419983253726467, -0.1285249799627847, -14.030074084851583,
      -5.8467353118437835, 0.23984879262807093, -10.241422952797063, 79.41653143895279,
      -6.682496882929762, -1.101684292205088
    ],
    [
      -24.50901045215013, -33.28301000046356, -18.015658112590827, 2.5002312382960428,
      -2.231978218583417, -0.2919974145571582, 0.03729742579079, -6.254836826279972,
      0.21009174466701053, 0.5784282924982497, -1.101684292205088, -6.682496882929762,
      95.55851247931679, -6.5138889808089715
    ],
    [
      -1.886376146576028, -13.445321861634472, -14.093394944854053, -7.5014696310147215,
      -0.39631795918398816, 0.07193984946711585, 0.11830468837587911, 0.8923348436326943,
      0.46184615442141164, 0.3406093380759115, 1.1016352345812102, -1.101684292205088,
      -6.5138889808089715, 41.95178370772311
    ]
  ],
  "A3": [
    [
      163.30927373625616, -35.81647999399828, -6.774443624152867, 2.6064166562871134,
      -29.811099005270435, -6.469775886076992, 2.087936004789039, -32.991659326050254,
      -6.425786751458077, 1.5844503871055866, -1.338993896536329, -23.564451702168498,
      -24.50901045215013, -1.886376146576028, 0.0, 0.0, 0.0, 0.0, 0.0, 0.0, 0.0, 0.0, 0.0, 0.0, 0.0,
      0.0, 0.0, 0.0, 0.0, 0.0, 0.0, 0.0, 0.0, 0.0, 0.0, 0.0, 0.0, 0.0, 0.0, 0.0, 0.0, 0.0
    ],
    [
      -35.81647999399828, 134.07232150014988, -29.463745762580402, -3.649697723629692,
      -3.5453375955613478, 0.6383797414521967, 0.21689453041481133, -3.616946232255271,
      0.6057275817977119, 0.22373086633125955, 1.4917602934539351, -14.42827534347678,
      -33.28301000046356, -13.445321861634472, 0.0, 0.0, 0.0, 0.0, 0.0, 0.0, 0.0, 0.0, 0.0, 0.0,
      0.0, 0.0, 0.0, 0.0, 0.0, 0.0, 0.0, 0.0, 0.0, 0.0, 0.0, 0.0, 0.0, 0.0, 0.0, 0.0, 0.0, 0.0
    ],
    [
      -6.774443624152867, -29.463745762580402, 88.17512316660506, -21.218386316978783,
      0.580233636461061, 0.2046259094565566, 0.12531472596176227, 0.5165024818869715,
      0.2183120941127664, 0.12611048306500858, 0.4919832497368115, -0.8725769861290456,
      -18.015658112590827, -14.093394944854053, 0.0, 0.0, 0.0, 0.0, 0.0, 0.0, 0.0, 0.0, 0.0, 0.0,
      0.0, 0.0, 0.0, 0.0, 0.0, 0.0, 0.0, 0.0, 0.0, 0.0, 0.0, 0.0, 0.0, 0.0, 0.0, 0.0, 0.0, 0.0
    ],
    [
      2.6064166562871134, -3.649697723629692, -21.218386316978783, 24.460566161368977,
      0.18089767158751374, 0.12026076520210224, 0.17480455031477157, 0.1740582355952111,
      0.12199055659803158, 0.1702707251499149, 0.42718581314362386, 1.4328712980798957,
      2.5002312382960428, -7.5014696310147215, 0.0, 0.0, 0.0, 0.0, 0.0, 0.0, 0.0, 0.0, 0.0, 0.0,
      0.0, 0.0, 0.0, 0.0, 0.0, 0.0, 0.0, 0.0, 0.0, 0.0, 0.0, 0.0, 0.0, 0.0, 0.0, 0.0, 0.0, 0.0
    ],
    [
      -29.811099005270435, -3.5453375955613478, 0.580233636461061, 0.18089767158751374,
      65.6865041083613, -19.597973173144496, -3.330047312588902, -3.7716617941456807,
      0.6360878891529599, 0.2632715427880252, -1.4115691219488693, -3.251010667923735,
      -2.231978218583417, -0.39631795918398816, 0.0, 0.0, 0.0, 0.0, 0.0, 0.0, 0.0, 0.0, 0.0, 0.0,
      0.0, 0.0, 0.0, 0.0, 0.0, 0.0, 0.0, 0.0, 0.0, 0.0, 0.0, 0.0, 0.0, 0.0, 0.0, 0.0, 0.0, 0.0
    ],
    [
      -6.469775886076992, 0.6383797414521967, 0.2046259094565566, 0.12026076520210224,
      -19.597973173144496, 38.3236708021631, -12.259738202061193, 0.47564580703613085,
      0.2265644392350072, 0.1436802247283893, -0.6432845375281204, -0.9419983253726467,
      -0.2919974145571582, 0.07193984946711585, 0.0, 0.0, 0.0, 0.0, 0.0, 0.0, 0.0, 0.0, 0.0, 0.0,
      0.0, 0.0, 0.0, 0.0, 0.0, 0.0, 0.0, 0.0, 0.0, 0.0, 0.0, 0.0, 0.0, 0.0, 0.0, 0.0, 0.0, 0.0
    ],
    [
      2.087936004789039, 0.21689453041481133, 0.12531472596176227, 0.17480455031477157,
      -3.330047312588902, -12.259738202061193, 12.657643988437886, 0.28982266792776007,
      0.10721500656787007, 0.13582183335714546, -0.23274492732483779, -0.1285249799627847,
      0.03729742579079, 0.11830468837587911, 0.0, 0.0, 0.0, 0.0, 0.0, 0.0, 0.0, 0.0, 0.0, 0.0, 0.0,
      0.0, 0.0, 0.0, 0.0, 0.0, 0.0, 0.0, 0.0, 0.0, 0.0, 0.0, 0.0, 0.0, 0.0, 0.0, 0.0, 0.0
    ],
    [
      -32.991659326050254, -3.616946232255271, 0.5165024818869715, 0.1740582355952111,
      -3.7716617941456807, 0.47564580703613085, 0.28982266792776007, 92.55566238071569,
      -24.670240147686755, -2.936385784169124, -6.632222221355809, -14.030074084851583,
      -6.254836826279972, 0.8923348436326943, 0.0, 0.0, 0.0, 0.0, 0.0, 0.0, 0.0, 0.0, 0.0, 0.0, 0.0,
      0.0, 0.0, 0.0, 0.0, 0.0, 0.0, 0.0, 0.0, 0.0, 0.0, 0.0, 0.0, 0.0, 0.0, 0.0, 0.0, 0.0
    ],
    [
      -6.425786751458077, 0.6057275817977119, 0.2183120941127664, 0.12199055659803158,
      0.6360878891529599, 0.2265644392350072, 0.10721500656787007, -24.670240147686755,
      53.75651846464324, -13.341435571910536, -6.060156148296871, -5.8467353118437835,
      0.21009174466701053, 0.46184615442141164, 0.0, 0.0, 0.0, 0.0, 0.0, 0.0, 0.0, 0.0, 0.0, 0.0,
      0.0, 0.0, 0.0, 0.0, 0.0, 0.0, 0.0, 0.0, 0.0, 0.0, 0.0, 0.0, 0.0, 0.0, 0.0, 0.0, 0.0, 0.0
    ],
    [
      1.5844503871055866, 0.22373086633125955, 0.12611048306500858, 0.1702707251499149,
      0.2632715427880252, 0.1436802247283893, 0.13582183335714546, -2.936385784169124,
      -13.341435571910536, 14.131888030633801, -1.6602891602817027, 0.23984879262807093,
      0.5784282924982497, 0.3406093380759115, 0.0, 0.0, 0.0, 0.0, 0.0, 0.0, 0.0, 0.0, 0.0, 0.0, 0.0,
      0.0, 0.0, 0.0, 0.0, 0.0, 0.0, 0.0, 0.0, 0.0, 0.0, 0.0, 0.0, 0.0, 0.0, 0.0, 0.0, 0.0
    ],
    [
      -1.338993896536329, 1.4917602934539351, 0.4919832497368115, 0.42718581314362386,
      -1.4115691219488693, -0.6432845375281204, -0.23274492732483779, -6.632222221355809,
      -6.060156148296871, -1.6602891602817027, 25.80980266735911, -10.241422952797063,
      -1.101684292205088, 1.1016352345812102, 0.0, 0.0, 0.0, 0.0, 0.0, 0.0, 0.0, 0.0, 0.0, 0.0, 0.0,
      0.0, 0.0, 0.0, 0.0, 0.0, 0.0, 0.0, 0.0, 0.0, 0.0, 0.0, 0.0, 0.0, 0.0, 0.0, 0.0, 0.0
    ],
    [
      -23.564451702168498, -14.42827534347678, -0.8725769861290456, 1.4328712980798957,
      -3.251010667923735, -0.9419983253726467, -0.1285249799627847, -14.030074084851583,
      -5.8467353118437835, 0.23984879262807093, -10.241422952797063, 79.41653143895279,
      -6.682496882929762, -1.101684292205088, 0.0, 0.0, 0.0, 0.0, 0.0, 0.0, 0.0, 0.0, 0.0, 0.0, 0.0,
      0.0, 0.0, 0.0, 0.0, 0.0, 0.0, 0.0, 0.0, 0.0, 0.0, 0.0, 0.0, 0.0, 0.0, 0.0, 0.0, 0.0
    ],
    [
      -24.50901045215013, -33.28301000046356, -18.015658112590827, 2.5002312382960428,
      -2.231978218583417, -0.2919974145571582, 0.03729742579079, -6.254836826279972,
      0.21009174466701053, 0.5784282924982497, -1.101684292205088, -6.682496882929762,
      95.55851247931679, -6.5138889808089715, 0.0, 0.0, 0.0, 0.0, 0.0, 0.0, 0.0, 0.0, 0.0, 0.0, 0.0,
      0.0, 0.0, 0.0, 0.0, 0.0, 0.0, 0.0, 0.0, 0.0, 0.0, 0.0, 0.0, 0.0, 0.0, 0.0, 0.0, 0.0
    ],
    [
      -1.886376146576028, -13.445321861634472, -14.093394944854053, -7.5014696310147215,
      -0.39631795918398816, 0.07193984946711585, 0.11830468837587911, 0.8923348436326943,
      0.46184615442141164, 0.3406093380759115, 1.1016352345812102, -1.101684292205088,
      -6.5138889808089715, 41.95178370772311, 0.0, 0.0, 0.0, 0.0, 0.0, 0.0, 0.0, 0.0, 0.0, 0.0, 0.0,
      0.0, 0.0, 0.0, 0.0, 0.0, 0.0, 0.0, 0.0, 0.0, 0.0, 0.0, 0.0, 0.0, 0.0, 0.0, 0.0, 0.0
    ],
    [
      0.0, 0.0, 0.0, 0.0, 0.0, 0.0, 0.0, 0.0, 0.0, 0.0, 0.0, 0.0, 0.0, 0.0, 163.30927373625616,
      -35.81647999399828, -6.774443624152867, 2.6064166562871134, -29.811099005270435,
      -6.469775886076992, 2.087936004789039, -32.991659326050254, -6.425786751458077,
      1.5844503871055866, -1.338993896536329, -23.564451702168498, -24.50901045215013,
      -1.886376146576028, 0.0, 0.0, 0.0, 0.0, 0.0, 0.0, 0.0, 0.0, 0.0, 0.0, 0.0, 0.0, 0.0, 0.0
    ],
    [
      0.0, 0.0, 0.0, 0.0, 0.0, 0.0, 0.0, 0.0, 0.0, 0.0, 0.0, 0.0, 0.0, 0.0, -35.81647999399828,
      134.07232150014988, -29.463745762580402, -3.649697723629692, -3.5453375955613478,
      0.6383797414521967, 0.21689453041481133, -3.616946232255271, 0.6057275817977119,
      0.22373086633125955, 1.4917602934539351, -14.42827534347678, -33.28301000046356,
      -13.445321861634472, 0.0, 0.0, 0.0, 0.0, 0.0, 0.0, 0.0, 0.0, 0.0, 0.0, 0.0, 0.0, 0.0, 0.0
    ],
    [
      0.0, 0.0, 0.0, 0.0, 0.0, 0.0, 0.0, 0.0, 0.0, 0.0, 0.0, 0.0, 0.0, 0.0, -6.774443624152867,
      -29.463745762580402, 88.17512316660506, -21.218386316978783, 0.580233636461061,
      0.2046259094565566, 0.12531472596176227, 0.5165024818869715, 0.2183120941127664,
      0.12611048306500858, 0.4919832497368115, -0.8725769861290456, -18.015658112590827,
      -14.093394944854053, 0.0, 0.0, 0.0, 0.0, 0.0, 0.0, 0.0, 0.0, 0.0, 0.0, 0.0, 0.0, 0.0, 0.0
    ],
    [
      0.0, 0.0, 0.0, 0.0, 0.0, 0.0, 0.0, 0.0, 0.0, 0.0, 0.0, 0.0, 0.0, 0.0, 2.6064166562871134,
      -3.649697723629692, -21.218386316978783, 24.460566161368977, 0.18089767158751374,
      0.12026076520210224, 0.17480455031477157, 0.1740582355952111, 0.12199055659803158,
      0.1702707251499149, 0.42718581314362386, 1.4328712980798957, 2.5002312382960428,
      -7.5014696310147215, 0.0, 0.0, 0.0, 0.0, 0.0, 0.0, 0.0, 0.0, 0.0, 0.0, 0.0, 0.0, 0.0, 0.0
    ],
    [
      0.0, 0.0, 0.0, 0.0, 0.0, 0.0, 0.0, 0.0, 0.0, 0.0, 0.0, 0.0, 0.0, 0.0, -29.811099005270435,
      -3.5453375955613478, 0.580233636461061, 0.18089767158751374, 65.6865041083613,
      -19.597973173144496, -3.330047312588902, -3.7716617941456807, 0.6360878891529599,
      0.2632715427880252, -1.4115691219488693, -3.251010667923735, -2.231978218583417,
      -0.39631795918398816, 0.0, 0.0, 0.0, 0.0, 0.0, 0.0, 0.0, 0.0, 0.0, 0.0, 0.0, 0.0, 0.0, 0.0
    ],
    [
      0.0, 0.0, 0.0, 0.0, 0.0, 0.0, 0.0, 0.0, 0.0, 0.0, 0.0, 0.0, 0.0, 0.0, -6.469775886076992,
      0.6383797414521967, 0.2046259094565566, 0.12026076520210224, -19.597973173144496,
      38.3236708021631, -12.259738202061193, 0.47564580703613085, 0.2265644392350072,
      0.1436802247283893, -0.6432845375281204, -0.9419983253726467, -0.2919974145571582,
      0.07193984946711585, 0.0, 0.0, 0.0, 0.0, 0.0, 0.0, 0.0, 0.0, 0.0, 0.0, 0.0, 0.0, 0.0, 0.0
    ],
    [
      0.0, 0.0, 0.0, 0.0, 0.0, 0.0, 0.0, 0.0, 0.0, 0.0, 0.0, 0.0, 0.0, 0.0, 2.087936004789039,
      0.21689453041481133, 0.12531472596176227, 0.17480455031477157, -3.330047312588902,
      -12.259738202061193, 12.657643988437886, 0.28982266792776007, 0.10721500656787007,
      0.13582183335714546, -0.23274492732483779, -0.1285249799627847, 0.03729742579079,
      0.11830468837587911, 0.0, 0.0, 0.0, 0.0, 0.0, 0.0, 0.0, 0.0, 0.0, 0.0, 0.0, 0.0, 0.0, 0.0
    ],
    [
      0.0, 0.0, 0.0, 0.0, 0.0, 0.0, 0.0, 0.0, 0.0, 0.0, 0.0, 0.0, 0.0, 0.0, -32.991659326050254,
      -3.616946232255271, 0.5165024818869715, 0.1740582355952111, -3.7716617941456807,
      0.47564580703613085, 0.28982266792776007, 92.55566238071569, -24.670240147686755,
      -2.936385784169124, -6.632222221355809, -14.030074084851583, -6.254836826279972,
      0.8923348436326943, 0.0, 0.0, 0.0, 0.0, 0.0, 0.0, 0.0, 0.0, 0.0, 0.0, 0.0, 0.0, 0.0, 0.0
    ],
    [
      0.0, 0.0, 0.0, 0.0, 0.0, 0.0, 0.0, 0.0, 0.0, 0.0, 0.0, 0.0, 0.0, 0.0, -6.425786751458077,
      0.6057275817977119, 0.2183120941127664, 0.12199055659803158, 0.6360878891529599,
      0.2265644392350072, 0.10721500656787007, -24.670240147686755, 53.75651846464324,
      -13.341435571910536, -6.060156148296871, -5.8467353118437835, 0.21009174466701053,
      0.46184615442141164, 0.0, 0.0, 0.0, 0.0, 0.0, 0.0, 0.0, 0.0, 0.0, 0.0, 0.0, 0.0, 0.0, 0.0
    ],
    [
      0.0, 0.0, 0.0, 0.0, 0.0, 0.0, 0.0, 0.0, 0.0, 0.0, 0.0, 0.0, 0.0, 0.0, 1.5844503871055866,
      0.22373086633125955, 0.12611048306500858, 0.1702707251499149, 0.2632715427880252,
      0.1436802247283893, 0.13582183335714546, -2.936385784169124, -13.341435571910536,
      14.131888030633801, -1.6602891602817027, 0.23984879262807093, 0.5784282924982497,
      0.3406093380759115, 0.0, 0.0, 0.0, 0.0, 0.0, 0.0, 0.0, 0.0, 0.0, 0.0, 0.0, 0.0, 0.0, 0.0
    ],
    [
      0.0, 0.0, 0.0, 0.0, 0.0, 0.0, 0.0, 0.0, 0.0, 0.0, 0.0, 0.0, 0.0, 0.0, -1.338993896536329,
      1.4917602934539351, 0.4919832497368115, 0.42718581314362386, -1.4115691219488693,
      -0.6432845375281204, -0.23274492732483779, -6.632222221355809, -6.060156148296871,
      -1.6602891602817027, 25.80980266735911, -10.241422952797063, -1.101684292205088,
      1.1016352345812102, 0.0, 0.0, 0.0, 0.0, 0.0, 0.0, 0.0, 0.0, 0.0, 0.0, 0.0, 0.0, 0.0, 0.0
    ],
    [
      0.0, 0.0, 0.0, 0.0, 0.0, 0.0, 0.0, 0.0, 0.0, 0.0, 0.0, 0.0, 0.0, 0.0, -23.564451702168498,
      -14.42827534347678, -0.8725769861290456, 1.4328712980798957, -3.251010667923735,
      -0.9419983253726467, -0.1285249799627847, -14.030074084851583, -5.8467353118437835,
      0.23984879262807093, -10.241422952797063, 79.41653143895279, -6.682496882929762,
      -1.101684292205088, 0.0, 0.0, 0.0, 0.0, 0.0, 0.0, 0.0, 0.0, 0.0, 0.0, 0.0, 0.0, 0.0, 0.0
    ],
    [
      0.0, 0.0, 0.0, 0.0, 0.0, 0.0, 0.0, 0.0, 0.0, 0.0, 0.0, 0.0, 0.0, 0.0, -24.50901045215013,
      -33.28301000046356, -18.015658112590827, 2.5002312382960428, -2.231978218583417,
      -0.2919974145571582, 0.03729742579079, -6.254836826279972, 0.21009174466701053,
      0.5784282924982497, -1.101684292205088, -6.682496882929762, 95.55851247931679,
      -6.5138889808089715, 0.0, 0.0, 0.0, 0.0, 0.0, 0.0, 0.0, 0.0, 0.0, 0.0, 0.0, 0.0, 0.0, 0.0
    ],
    [
      0.0, 0.0, 0.0, 0.0, 0.0, 0.0, 0.0, 0.0, 0.0, 0.0, 0.0, 0.0, 0.0, 0.0, -1.886376146576028,
      -13.445321861634472, -14.093394944854053, -7.5014696310147215, -0.39631795918398816,
      0.07193984946711585, 0.11830468837587911, 0.8923348436326943, 0.46184615442141164,
      0.3406093380759115, 1.1016352345812102, -1.101684292205088, -6.5138889808089715,
      41.95178370772311, 0.0, 0.0, 0.0, 0.0, 0.0, 0.0, 0.0, 0.0, 0.0, 0.0, 0.0, 0.0, 0.0, 0.0
    ],
    [
      0.0, 0.0, 0.0, 0.0, 0.0, 0.0, 0.0, 0.0, 0.0, 0.0, 0.0, 0.0, 0.0, 0.0, 0.0, 0.0, 0.0, 0.0, 0.0,
      0.0, 0.0, 0.0, 0.0, 0.0, 0.0, 0.0, 0.0, 0.0, 163.30927373625616, -35.81647999399828,
      -6.774443624152867, 2.6064166562871134, -29.811099005270435, -6.469775886076992,
      2.087936004789039, -32.991659326050254, -6.425786751458077, 1.5844503871055866,
      -1.338993896536329, -23.564451702168498, -24.50901045215013, -1.886376146576028
    ],
    [
      0.0, 0.0, 0.0, 0.0, 0.0, 0.0, 0.0, 0.0, 0.0, 0.0, 0.0, 0.0, 0.0, 0.0, 0.0, 0.0, 0.0, 0.0, 0.0,
      0.0, 0.0, 0.0, 0.0, 0.0, 0.0, 0.0, 0.0, 0.0, -35.81647999399828, 134.07232150014988,
      -29.463745762580402, -3.649697723629692, -3.5453375955613478, 0.6383797414521967,
      0.21689453041481133, -3.616946232255271, 0.6057275817977119, 0.22373086633125955,
      1.4917602934539351, -14.42827534347678, -33.28301000046356, -13.445321861634472
    ],
    [
      0.0, 0.0, 0.0, 0.0, 0.0, 0.0, 0.0, 0.0, 0.0, 0.0, 0.0, 0.0, 0.0, 0.0, 0.0, 0.0, 0.0, 0.0, 0.0,
      0.0, 0.0, 0.0, 0.0, 0.0, 0.0, 0.0, 0.0, 0.0, -6.774443624152867, -29.463745762580402,
      88.17512316660506, -21.218386316978783, 0.580233636461061, 0.2046259094565566,
      0.12531472596176227, 0.5165024818869715, 0.2183120941127664, 0.12611048306500858,
      0.4919832497368115, -0.8725769861290456, -18.015658112590827, -14.093394944854053
    ],
    [
      0.0, 0.0, 0.0, 0.0, 0.0, 0.0, 0.0, 0.0, 0.0, 0.0, 0.0, 0.0, 0.0, 0.0, 0.0, 0.0, 0.0, 0.0, 0.0,
      0.0, 0.0, 0.0, 0.0, 0.0, 0.0, 0.0, 0.0, 0.0, 2.6064166562871134, -3.649697723629692,
      -21.218386316978783, 24.460566161368977, 0.18089767158751374, 0.12026076520210224,
      0.17480455031477157, 0.1740582355952111, 0.12199055659803158, 0.1702707251499149,
      0.42718581314362386, 1.4328712980798957, 2.5002312382960428, -7.5014696310147215
    ],
    [
      0.0, 0.0, 0.0, 0.0, 0.0, 0.0, 0.0, 0.0, 0.0, 0.0, 0.0, 0.0, 0.0, 0.0, 0.0, 0.0, 0.0, 0.0, 0.0,
      0.0, 0.0, 0.0, 0.0, 0.0, 0.0, 0.0, 0.0, 0.0, -29.811099005270435, -3.5453375955613478,
      0.580233636461061, 0.18089767158751374, 65.6865041083613, -19.597973173144496,
      -3.330047312588902, -3.7716617941456807, 0.6360878891529599, 0.2632715427880252,
      -1.4115691219488693, -3.251010667923735, -2.231978218583417, -0.39631795918398816
    ],
    [
      0.0, 0.0, 0.0, 0.0, 0.0, 0.0, 0.0, 0.0, 0.0, 0.0, 0.0, 0.0, 0.0, 0.0, 0.0, 0.0, 0.0, 0.0, 0.0,
      0.0, 0.0, 0.0, 0.0, 0.0, 0.0, 0.0, 0.0, 0.0, -6.469775886076992, 0.6383797414521967,
      0.2046259094565566, 0.12026076520210224, -19.597973173144496, 38.3236708021631,
      -12.259738202061193, 0.47564580703613085, 0.2265644392350072, 0.1436802247283893,
      -0.6432845375281204, -0.9419983253726467, -0.2919974145571582, 0.07193984946711585
    ],
    [
      0.0, 0.0, 0.0, 0.0, 0.0, 0.0, 0.0, 0.0, 0.0, 0.0, 0.0, 0.0, 0.0, 0.0, 0.0, 0.0, 0.0, 0.0, 0.0,
      0.0, 0.0, 0.0, 0.0, 0.0, 0.0, 0.0, 0.0, 0.0, 2.087936004789039, 0.21689453041481133,
      0.12531472596176227, 0.17480455031477157, -3.330047312588902, -12.259738202061193,
      12.657643988437886, 0.28982266792776007, 0.10721500656787007, 0.13582183335714546,
      -0.23274492732483779, -0.1285249799627847, 0.03729742579079, 0.11830468837587911
    ],
    [
      0.0, 0.0, 0.0, 0.0, 0.0, 0.0, 0.0, 0.0, 0.0, 0.0, 0.0, 0.0, 0.0, 0.0, 0.0, 0.0, 0.0, 0.0, 0.0,
      0.0, 0.0, 0.0, 0.0, 0.0, 0.0, 0.0, 0.0, 0.0, -32.991659326050254, -3.616946232255271,
      0.5165024818869715, 0.1740582355952111, -3.7716617941456807, 0.47564580703613085,
      0.28982266792776007, 92.55566238071569, -24.670240147686755, -2.936385784169124,
      -6.632222221355809, -14.030074084851583, -6.254836826279972, 0.8923348436326943
    ],
    [
      0.0, 0.0, 0.0, 0.0, 0.0, 0.0, 0.0, 0.0, 0.0, 0.0, 0.0, 0.0, 0.0, 0.0, 0.0, 0.0, 0.0, 0.0, 0.0,
      0.0, 0.0, 0.0, 0.0, 0.0, 0.0, 0.0, 0.0, 0.0, -6.425786751458077, 0.6057275817977119,
      0.2183120941127664, 0.12199055659803158, 0.6360878891529599, 0.2265644392350072,
      0.10721500656787007, -24.670240147686755, 53.75651846464324, -13.341435571910536,
      -6.060156148296871, -5.8467353118437835, 0.21009174466701053, 0.46184615442141164
    ],
    [
      0.0, 0.0, 0.0, 0.0, 0.0, 0.0, 0.0, 0.0, 0.0, 0.0, 0.0, 0.0, 0.0, 0.0, 0.0, 0.0, 0.0, 0.0, 0.0,
      0.0, 0.0, 0.0, 0.0, 0.0, 0.0, 0.0, 0.0, 0.0, 1.5844503871055866, 0.22373086633125955,
      0.12611048306500858, 0.1702707251499149, 0.2632715427880252, 0.1436802247283893,
      0.13582183335714546, -2.936385784169124, -13.341435571910536, 14.131888030633801,
      -1.6602891602817027, 0.23984879262807093, 0.5784282924982497, 0.3406093380759115
    ],
    [
      0.0, 0.0, 0.0, 0.0, 0.0, 0.0, 0.0, 0.0, 0.0, 0.0, 0.0, 0.0, 0.0, 0.0, 0.0, 0.0, 0.0, 0.0, 0.0,
      0.0, 0.0, 0.0, 0.0, 0.0, 0.0, 0.0, 0.0, 0.0, -1.338993896536329, 1.4917602934539351,
      0.4919832497368115, 0.42718581314362386, -1.4115691219488693, -0.6432845375281204,
      -0.23274492732483779, -6.632222221355809, -6.060156148296871, -1.6602891602817027,
      25.80980266735911, -10.241422952797063, -1.101684292205088, 1.1016352345812102
    ],
    [
      0.0, 0.0, 0.0, 0.0, 0.0, 0.0, 0.0, 0.0, 0.0, 0.0, 0.0, 0.0, 0.0, 0.0, 0.0, 0.0, 0.0, 0.0, 0.0,
      0.0, 0.0, 0.0, 0.0, 0.0, 0.0, 0.0, 0.0, 0.0, -23.564451702168498, -14.42827534347678,
      -0.8725769861290456, 1.4328712980798957, -3.251010667923735, -0.9419983253726467,
      -0.1285249799627847, -14.030074084851583, -5.8467353118437835, 0.23984879262807093,
      -10.241422952797063, 79.41653143895279, -6.682496882929762, -1.101684292205088
    ],
    [
      0.0, 0.0, 0.0, 0.0, 0.0, 0.0, 0.0, 0.0, 0.0, 0.0, 0.0, 0.0, 0.0, 0.0, 0.0, 0.0, 0.0, 0.0, 0.0,
      0.0, 0.0, 0.0, 0.0, 0.0, 0.0, 0.0, 0.0, 0.0, -24.50901045215013, -33.28301000046356,
      -18.015658112590827, 2.5002312382960428, -2.231978218583417, -0.2919974145571582,
      0.03729742579079, -6.254836826279972, 0.21009174466701053, 0.5784282924982497,
      -1.101684292205088, -6.682496882929762, 95.55851247931679, -6.5138889808089715
    ],
    [
      0.0, 0.0, 0.0, 0.0, 0.0, 0.0, 0.0, 0.0, 0.0, 0.0, 0.0, 0.0, 0.0, 0.0, 0.0, 0.0, 0.0, 0.0, 0.0,
      0.0, 0.0, 0.0, 0.0, 0.0, 0.0, 0.0, 0.0, 0.0, -1.886376146576028, -13.445321861634472,
      -14.093394944854053, -7.5014696310147215, -0.39631795918398816, 0.07193984946711585,
      0.11830468837587911, 0.8923348436326943, 0.46184615442141164, 0.3406093380759115,
      1.1016352345812102, -1.101684292205088, -6.5138889808089715, 41.95178370772311
    ]
  ],
  "B": [
    [
      135.6022338852677, -51.041679134427554, -6.163468464406143, 2.644987030191494,
      -32.80770941044091, -5.82939596340097, 2.1707772059206563, -40.67225161643789,
      -5.6195180816078505, 1.716024549341482, 3.1870958374329774, -6.291150032925135,
      -3.385684087403942, 6.4897382828960986
    ],
    [
      -51.041679134427554, 102.9724251208831, -44.76430252209339, -3.6479620301475117,
      -2.9739497885594046, 0.9520293816317937, 0.24184871861346946, -2.972935632041569,
      0.9854103854999376, 0.24911550064112287, 1.8829165205390046, 0.44675822887530625,
      -3.8417427714881924, 1.5120680220738816
    ],
    [
      -6.163468464406143, -44.76430252209339, 71.2517407914148, -22.83947623917388,
      0.9064381395110903, 0.2363108423606813, 0.13168383346874085, 0.8543196645618731,
      0.2542109797336223, 0.1325429746226236, 0.5037905612991509, 6.167351510247806,
      -1.7826420272346102, -4.888500044312346
    ],
    [
      2.644987030191494, -3.6479620301475117, -22.83947623917388, 22.83947623917388,
      0.20330359311111562, 0.12600054682078315, 0.17633473304172992, 0.19731965876013713,
      0.12817968252248674, 0.1718367856997653, 0.4281592630442953, 1.5268304546666505,
      4.069848429142951, -6.024838146853897
    ],
    [
      -32.80770941044091, -2.9739497885594046, 0.9064381395110903, 0.20330359311111562,
      60.72194266450929, -20.966976337140405, -3.2886381594476757, -3.1134536303743747,
      1.0300589714493067, 0.28898395738195426, -0.2959081425357969, -0.3427352176240024,
      0.2977987858235156, 0.3408445743362838
    ],
    [
      -5.82939596340097, 0.9520293816317937, 0.2363108423606813, 0.12600054682078315,
      -20.966976337140405, 36.714305591837615, -12.45869109524954, 0.8150240213983188,
      0.26119457998494033, 0.1501984317567761, -0.2923940634973077, -0.15711341495661488,
      0.25978232540743373, 0.1897251530464888
    ],
    [
      2.1707772059206563, 0.24184871861346946, 0.13168383346874085, 0.17633473304172992,
      -3.2886381594476757, -12.45869109524954, 12.45869109524954, 0.3162323854292468,
      0.11412369455714505, 0.13763758841668705, -0.19182910749790535, -0.041974323791720475,
      0.09921550252433424, 0.13458792876529158
    ],
    [
      -40.67225161643789, -2.972935632041569, 0.8543196645618731, 0.19731965876013713,
      -3.1134536303743747, 0.8150240213983188, 0.3162323854292468, 78.10132733532822,
      -30.67924239876354, -2.846339787860411, -0.5681601468681521, -1.5458335857630492,
      0.6935002436597058, 1.4204934889714953
    ],
    [
      -5.6195180816078505, 0.9854103854999376, 0.2542109797336223, 0.12817968252248674,
      1.0300589714493067, 0.26119457998494033, 0.11412369455714505, -30.67924239876354,
      47.26224398789611, -13.736661801272168, -3.1647783393902458, -0.2493867323695853,
      2.9321907162865015, 0.48197435547332956
    ],
    [
      1.716024549341482, 0.24911550064112287, 0.1325429746226236, 0.1718367856997653,
      0.28898395738195426, 0.1501984317567761, 0.13763758841668705, -2.846339787860411,
      -13.736661801272168, 13.736661801272168, -1.4888923825260207, 0.4872531136403435,
      0.6577328832823031, 0.3439063856033741
    ],
    [
      3.1870958374329774, 1.8829165205390046, 0.5037905612991509, 0.4281592630442953,
      -0.2959081425357969, -0.2923940634973077, -0.19182910749790535, -0.5681601468681521,
      -3.1647783393902458, -1.4888923825260207, 18.025612810078087, -18.025612810078087,
      -1.101659763393149, 1.101659763393149
    ],
    [
      -6.291150032925135, 0.44675822887530625, 6.167351510247806, 1.5268304546666505,
      -0.3427352176240024, -0.15711341495661488, -0.041974323791720475, -1.5458335857630492,
      -0.2493867323695853, 0.4872531136403435, -18.025612810078087, 48.7210432546304,
      -29.59377068115918, -1.101659763393149
    ],
    [
      -3.385684087403942, -3.8417427714881924, -1.7826420272346102, 4.069848429142951,
      0.2977987858235156, 0.25978232540743373, 0.09921550252433424, 0.6935002436597058,
      2.9321907162865015, 0.6577328832823031, -1.101659763393149, -29.59377068115918,
      54.92826678881836, -24.23283634426604
    ],
    [
      6.4897382828960986, 1.5120680220738816, -4.888500044312346, -6.024838146853897,
      0.3408445743362838, 0.1897251530464888, 0.13458792876529158, 1.4204934889714953,
      0.48197435547332956, 0.3439063856033741, 1.101659763393149, -1.101659763393149,
      -24.23283634426604, 24.23283634426604
    ]
  ],
  "B0": [
    [
      27.707039850988465, 15.225199140429275, -0.610975159746724, -0.03857037390438058,
      2.996610405170471, -0.6403799226760208, -0.08284120113161722, 7.680592290387637,
      -0.8062686698502265, -0.13157416223589538, -4.5260897339693065, -17.273301669243363,
      -21.123326364746188, -8.376114429472127
    ],
    [
      15.225199140429275, 31.09989637926678, 15.300556759512986, -0.0017356934821800194,
      -0.571387807001943, -0.31364964017959707, -0.02495418819865813, -0.6440106002137019,
      -0.3796828037022258, -0.02538463430986331, -0.3911562270850694, -14.875033572352086,
      -29.44126722897537, -14.957389883708354
    ],
    [
      -0.610975159746724, 15.300556759512986, 16.92338237519026, 1.6210899221950963,
      -0.32620450305002935, -0.03168493290412471, -0.0063691075069785925, -0.33781718267490163,
      -0.03589888562085589, -0.006432491557615034, -0.011807311562339367, -7.039928496376851,
      -16.23301608535622, -9.204894900541706
    ],
    [
      -0.03857037390438058, -0.0017356934821800194, 1.6210899221950963, 1.6210899221950963,
      -0.022405921523601866, -0.0057397816186809105, -0.001530182726958349, -0.023261423164926014,
      -0.006189125924455152, -0.0015660605498503998, -0.0009734499006714148, -0.09395915658675488,
      -1.5696171908469083, -1.4766314841608248
    ],
    [
      2.996610405170471, -0.571387807001943, -0.32620450305002935, -0.022405921523601866,
      4.964561443852011, 1.36900316399591, -0.04140915314122599, -0.6582081637713059,
      -0.3939710822963468, -0.025712414593929055, -1.1156609794130725, -2.908275450299733,
      -2.5297770044069323, -0.737162533520272
    ],
    [
      -0.6403799226760208, -0.31364964017959707, -0.03168493290412471, -0.0057397816186809105,
      1.36900316399591, 1.6093652103254834, 0.19895289318834747, -0.3393782143621879,
      -0.034630140749933154, -0.0065182070283868136, -0.3508904740308127, -0.7848849104160318,
      -0.551779739964592, -0.11778530357937295
    ],
    [
      -0.08284120113161722, -0.02495418819865813, -0.0063691075069785925, -0.001530182726958349,
      -0.04140915314122599, 0.19895289318834747, 0.19895289318834747, -0.026409717501486723,
      -0.006908687989274979, -0.001815755059541603, -0.04091581982693244, -0.08655065617106422,
      -0.06191807673354424, -0.016283240389412465
    ],
    [
      7.680592290387637, -0.6440106002137019, -0.33781718267490163, -0.023261423164926014,
      -0.6582081637713059, -0.3393782143621879, -0.026409717501486723, 14.454335045387468,
      6.009002251076787, -0.09004599630871288, -6.064062074487657, -12.484240499088534,
      -6.948337069939678, -0.528158645338801
    ],
    [
      -0.8062686698502265, -0.3796828037022258, -0.03589888562085589, -0.006189125924455152,
      -0.3939710822963468, -0.034630140749933154, -0.006908687989274979, 6.009002251076787,
      6.494274476747131, 0.39522622936163243, -2.8953778089066255, -5.597348579474198,
      -2.722098971619491, -0.020128201051917923
    ],
    [
      -0.13157416223589538, -0.02538463430986331, -0.006432491557615034, -0.0015660605498503998,
      -0.025712414593929055, -0.0065182070283868136, -0.001815755059541603, -0.09004599630871288,
      0.39522622936163243, 0.39522622936163243, -0.17139677775568185, -0.24740432101227258,
      -0.07930459078405334, -0.0032970475274626257
    ],
    [
      -4.5260897339693065, -0.3911562270850694, -0.011807311562339367, -0.0009734499006714148,
      -1.1156609794130725, -0.3508904740308127, -0.04091581982693244, -6.064062074487657,
      -2.8953778089066255, -0.17139677775568185, 7.784189857281024, 7.784189857281024,
      -2.452881193901406e-5, -2.452881193901406e-5
    ],
    [
      -17.273301669243363, -14.875033572352086, -7.039928496376851, -0.09395915658675488,
      -2.908275450299733, -0.7848849104160318, -0.08655065617106422, -12.484240499088534,
      -5.597348579474198, -0.24740432101227258, 7.784189857281024, 30.695488184322382,
      22.91127379822942, -2.452881193901406e-5
    ],
    [
      -21.123326364746188, -29.44126722897537, -16.23301608535622, -1.5696171908469083,
      -2.5297770044069323, -0.551779739964592, -0.06191807673354424, -6.948337069939678,
      -2.722098971619491, -0.07930459078405334, -2.452881193901406e-5, 22.91127379822942,
      40.630245690498434, 17.71894736345707
    ],
    [
      -8.376114429472127, -14.957389883708354, -9.204894900541706, -1.4766314841608248,
      -0.737162533520272, -0.11778530357937295, -0.016283240389412465, -0.528158645338801,
      -0.020128201051917923, -0.0032970475274626257, -2.452881193901406e-5, -2.452881193901406e-5,
      17.71894736345707, 17.71894736345707
    ]
  ],
  "C_barycenter": [
    [
      0.40332343795659753, 0.0058621339836655295, -0.0012953077614199504, 1.5033837559114924,
      0.381099998215949, 0.3894905619337548, 0.5588872581974973, 0.39737000016850366,
      0.4071158157539636, 0.5578398254243124, 1.1759141737104677, 0.08475214789516117,
      0.0847838966303115, 1.1844075297815186, 0.0012064088157438813, 0.0, 0.0, 0.0,
      0.21961461648268754, 0.20284722097743796, -0.5236587981357762, -0.21079476902211192,
      -0.19867549306834587, 0.5094608139503646, 0.254389661489554, -0.25577499102056167,
      -0.255870839632526, 0.25725616916353367, 0.02782054153317279, -0.04523915675756486,
      0.022813334373867934, 0.058654573009634066, -0.021960602326044826, -0.14688565826699113,
      0.13934794364279735, -0.12674761447804708, -0.10522542286217008, 0.19742206213134583, 0.0,
      0.0, 0.0, 0.0
    ],
    [
      0.0011517005169354028, -1.6609107113594798e-5, -1.8195722511154134e-5, 0.0038239767909523416,
      0.2197897025834994, 0.20270039218504327, -0.5293063936452131, -0.21081547164887543,
      -0.1986351431267921, 0.511326041174075, 0.24745829857150828, -0.25109901248183375,
      -0.2510718953813818, 0.2547126092917073, 0.4099044377877014, 0.5040428550323482,
      0.501744006081015, 0.250273714413625, 0.12720762430513166, 0.15551708159081346,
      1.1733382766948526, 0.15392930888973655, 0.17777500509403465, 1.1493451698950574,
      0.5056842043241179, 0.7580614376637558, 0.7579795718374003, 0.5081325341921851,
      0.006497458786238135, 0.0001316280310038199, 0.00023437006301320332, 0.0001789896485100044,
      0.04063817591315257, 0.2572522453363925, -0.24396073152397318, -0.2216405329180598,
      -0.18252856748377355, 0.3431969641474963, 0.0, 0.0, 0.0, 0.0
    ],
    [
      0.03525718390904552, -0.0621606416539784, -0.03847652372579118, -0.03184040663097131,
      0.03248008074284506, -0.025104802180915615, 0.044345861488439754, 0.004625805979956495,
      -0.06934948176138764, 0.11022292383275732, -0.17074027350405133, -0.0006382386041055566,
      0.0006382386041055566, 0.17074027350405133, 0.010776633061548802, 0.0, 0.0, 0.0,
      -0.056257150080547116, 0.04348279289131181, -0.07680928520338966, 0.008012130983240606,
      -0.12011682588929463, 0.1909117042371302, -0.05762484230761734, 0.0019268258724663562,
      -0.0019268258724663562, 0.05762484230761734, 0.8437673147650244, 0.49262629296608673,
      0.4955969890514229, 0.2487833541152107, 0.4825644845241519, 0.4853821343666749,
      0.27699200377697264, 0.4708394578657759, 0.46884242844252005, 0.33768301991047595,
      0.42216702855623384, 0.8427618454524957, 0.8427618454524957, 0.42216702855623384
    ]
  ],
  "Phi_barycenter": [-1.1102230246251565e-16, 0.0, -4.718447854656915e-16],
  "alpha": 3.0,
  "beta": 6.0,
  "conventions": {
    "degenerate_unit_tangent_tol": 1e-14,
    "energy_has_extra_one_half": true,
    "epsilon_after_norms_in_metric_weights": true,
    "flattening": "coordinate-block: [x0..xN-1, y0..yN-1, z0..zN-1]",
    "inner_product_pair_factor": 1.0,
    "ordered_disjoint_pairs": true
  },
  "dE": [
    [-6.729709561170694, 2.652483317433507, -10.320998299562234],
    [-56.21278672762742, 39.610214162877355, 91.72119359845965],
    [15.108263383467602, 3.5766501085277014, 5.913085555420139],
    [-0.19542101625802388, 1.4923149826984172, 1.185776969947483],
    [0.8255042622806741, -4.517202860654379, 2.0196716157272476],
    [-0.9369045166351953, 0.45781215618490023, 1.2887540492556582],
    [-0.29940312984422235, 0.3464027429345151, -0.35406769427481777],
    [-9.901410539470135, 38.40975963953497, 28.212844163988393],
    [-5.318070449789047, -1.7294788783317472, 0.07852712613498625],
    [-0.6464263577754537, -0.42811143785570493, -0.28172555133210153],
    [-4.5951149942879965, -2.0383270893375993, -2.2093409981494005],
    [16.393201843101224, -35.78922899905024, -24.23512581017917],
    [46.345198082775596, -41.16551297883575, -90.3776383971433],
    [6.162915202168051, -0.8774521482735054, -2.6400041441831945]
  ],
  "dE_flat": [
    -6.729709561170694, -56.21278672762742, 15.108263383467602, -0.19542101625802388,
    0.8255042622806741, -0.9369045166351953, -0.29940312984422235, -9.901410539470135,
    -5.318070449789047, -0.6464263577754537, -4.5951149942879965, 16.393201843101224,
    46.345198082775596, 6.162915202168051, 2.652483317433507, 39.610214162877355,
    3.5766501085277014, 1.4923149826984172, -4.517202860654379, 0.45781215618490023,
    0.3464027429345151, 38.40975963953497, -1.7294788783317472, -0.42811143785570493,
    -2.0383270893375993, -35.78922899905024, -41.16551297883575, -0.8774521482735054,
    -10.320998299562234, 91.72119359845965, 5.913085555420139, 1.185776969947483,
    2.0196716157272476, 1.2887540492556582, -0.35406769427481777, 28.212844163988393,
    0.07852712613498625, -0.28172555133210153, -2.2093409981494005, -24.23512581017917,
    -90.3776383971433, -2.6400041441831945
  ],
  "energy": 27.821575539332468,
  "epsilon": 1e-10,
  "finite_difference_h": 1e-6,
  "g_tilde": [
    [-0.06818240298372506, 0.08864867728281679, -0.020223824579592806],
    [-0.19636420029311544, 0.29848203378589233, 0.5748663815053782],
    [0.3391404281507048, 0.1962712175637858, 0.26043492333624924],
    [0.33535415831074555, 0.3533041034437842, 0.5047643702276531],
    [-0.0648464069139294, -0.030746773473032164, 0.015156433854292328],
    [-0.10433252166315872, -0.03352049449935401, -0.014633278925317694],
    [-0.13084265509268775, -0.05903206988842462, -0.06698059044501667],
    [-0.24744224010682742, 0.4410373315321245, 0.2444633434428551],
    [-0.3840290195042214, 0.18945561237370276, 0.08222863836379232],
    [-0.5215492156459084, 0.22482300963409482, 0.10139362073688957],
    [-0.34284503258684085, -0.07431761732556885, -0.17923581581541892],
    [0.07350612607331902, -0.3145632481466962, -0.2437290213820907],
    [0.465457903481342, -0.2628478836575824, -0.7061342791428826],
    [0.35166811940862247, 0.14736209722937438, 0.1802432947333854]
  ],
  "g_tilde_flat": [
    -0.06818240298372506, -0.19636420029311544, 0.3391404281507048, 0.33535415831074555,
    -0.0648464069139294, -0.10433252166315872, -0.13084265509268775, -0.24744224010682742,
    -0.3840290195042214, -0.5215492156459084, -0.34284503258684085, 0.07350612607331902,
    0.465457903481342, 0.35166811940862247, 0.08864867728281679, 0.29848203378589233,
    0.1962712175637858, 0.3533041034437842, -0.030746773473032164, -0.03352049449935401,
    -0.05903206988842462, 0.4410373315321245, 0.18945561237370276, 0.22482300963409482,
