{
  "A": [
    [
      257.69815860773576, -109.34658258355559, -23.65956442135395, 8.337855021320333,
      1.4364697552628827, 0.4979544679570555, 0.20547569745600813, 0.07559256193279466,
      0.0157697547207889, -0.010964403376013676, -0.023363430265585537, -0.031332968810027756,
      -0.03871284968405804, -0.04782029412227436, -0.07053096714423597, -0.1372860516581967,
      -0.3075535428307369, -0.5949985217728575, -0.9422118440195022, -1.0973209758579312,
      -0.8814479236003463, -0.632082000881967, -0.5096688976749632, -0.45206404055629795,
      -0.4254378417461878, -0.41850600721457676, -0.4254378417461873, -0.45206404055629884,
      -0.5096688976749579, -0.6320820008819642, -0.8814479236003443, -1.0973209758579283,
      -0.9422118440194984, -0.594998521772858, -0.30755354283073616, -0.13728605165819677,
      -0.07053096714423633, -0.04782029412227588, -0.03871284968405793, -0.03133296881002922,
      -0.023363430265585305, -0.010964403376015126, 0.01576975472078928, 0.07559256193279508,
      0.20547569745600563, 0.4979544679570576, 1.4364697552628791, 8.337855021320294,
      -23.659564421353814, -109.34658258355519
    ],
    [
      -109.34658258355559, 256.74383144750504, -107.94154240654109, -27.598874002352836,
      10.197697646220517, 1.7663105995047401, 0.5358096080632806, 0.16481280458466305,
      0.03088938630903444, -0.016492793277686164, -0.031419904371978676, -0.0362511527266471,
      -0.04041841809738709, -0.049183538176426025, -0.07131606136177585, -0.11927175945421928,
      -0.19281792854971563, -0.24903050482825959, -0.2731346908117005, -0.2923857190646881,
      -0.28897102257118873, -0.27923030095924106, -0.28275336820743546, -0.2838498450770761,
      -0.2845546878576556, -0.29373121144983116, -0.31481450090934965, -0.3576998001203337,
      -0.44767103999499985, -0.6589047511144324, -1.1711525460268475, -1.8983828461303924,
      -1.9098448590374502, -1.1045741013133372, -0.4026761956947206, -0.11833031792190851,
      -0.04896250789886149, -0.03260971617778622, -0.025178345211213742, -0.016820527348345826,
      -0.008710995596769168, 0.00031084317417160064, 0.015539327928311399, 0.045002403194467515,
      0.100105642721431, 0.19749794587084926, 0.4112224972713901, 1.2033541472575453,
      7.440778685417738, -22.365018035233923
    ],
    [
      -23.65956442135395, -107.94154240654109, 256.64103089267064, -107.68114863457907,
      -33.86736217673952, 12.66182230333358, 1.9910549513819582, 0.49770438785936705,
      0.12148551882799476, 0.014827259741312555, -0.012598932028365484, -0.017864788664990812,
      -0.021926896784517688, -0.03273442706262263, -0.052739774214800646, -0.08145757979216732,
      -0.10584635514523606, -0.10177975291379512, -0.07293202997867826, -0.0520605298758597,
      -0.054031873403170616, -0.07293811257622676, -0.0941781994736637, -0.10271027467284677,
      -0.10230862045201806, -0.10317641585819554, -0.10969436823511178, -0.12556973235054475,
      -0.1641317970552324, -0.27576977314945816, -0.6417395620592519, -1.510091878596249,
      -2.1039678905034203, -1.4452029556048385, -0.4806476405749175, -0.09489047551280008,
      -0.0261061479466677, -0.01649694179407702, -0.011057199727402467, -0.003229833147371665,
      0.003184524681958699, 0.00857787501077806, 0.016850001016462654, 0.03245497385245716,
      0.05957077559730183, 0.09985199922938305, 0.16766687702519978, 0.3551396595955772,
      1.1274977131264694, 7.440778685417814
    ],
    [
      8.337855021320333, -27.598874002352836, -107.68114863457907, 266.67078807387776,
      -114.1194000542922, -40.79781844831108, 14.649547917734072, 2.0917711687580334,
      0.5137903049593692, 0.1593384278839026, 0.06369651331246658, 0.03538903165136404,
      0.018543518130013606, -0.0035800288806645056, -0.028889457261511264, -0.05194658835100113,
      -0.06355147070042724, -0.05503185049569053, -0.033478086859832314, -0.01668686376636578,
      -0.013579153633063706, -0.021392434420061314, -0.030353887155688104, -0.031263669529141815,
      -0.02578416934473571, -0.019162346786545756, -0.01288174360879863, -0.006455786964216052,
      -0.0030010555259380595, -0.018410674291615664, -0.13209614126844543, -0.6174467515990493,
      -1.336107288357518, -1.2162334033775255, -0.47864992502725606, -0.092774829852313,
      -0.018365968380320473, -0.008619136424693249, -0.0019852128321514364, 0.00670613287970451,
      0.012074313822860012, 0.014910250954490147, 0.019308965076363444, 0.0286322330510009,
      0.04456650941092298, 0.06480805406940107, 0.09115453133500338, 0.1535942891494448,
      0.35513965959557897, 1.2033541472575575
    ],
    [
      1.4364697552628827, 10.197697646220517, -33.86736217673952, -114.1194000542922,
      288.1166206341333, -123.74981534786586, -45.632768955613194, 15.62210225702051,
      2.2418659086888866, 0.6231550617203782, 0.24981973796500156, 0.13500357791713974,
      0.07981729047071037, 0.032573961754660805, -0.007907319060719807, -0.03584600130287572,
      -0.04693497406861874, -0.04032601267496801, -0.024549648401986097, -0.011375857585696682,
      -0.0058130687776729514, -0.006187699768033444, -0.0075937220182414516, -0.005655801075651881,
      -0.0005105885183539528, 0.006265837556332945, 0.014780883510108474, 0.02554245506159261,
      0.03569024462524756, 0.03785690828861344, 0.0028952157426006403, -0.21130663495754784,
      -0.6724390132671656, -0.7978064253609334, -0.41381912900524137, -0.10868001526749702,
      -0.026099024780185873, -0.009285565319963881, 0.0025531108455954955, 0.014603911251056614,
      0.020239172253912294, 0.021407822133300725, 0.023481876093575594, 0.029889408603252288,
      0.04138941432833769, 0.05401487964873756, 0.06570215899417582, 0.09115453133500297,
      0.1676668770252002, 0.41122249727139293
    ],
    [
      0.4979544679570555, 1.7663105995047401, 12.66182230333358, -40.79781844831108,
      -123.74981534786586, 302.72091958615863, -124.56225844300184, -46.702203816141804,
      15.511450871418953, 2.30176023033254, 0.6955963530728251, 0.30702538818974456,
      0.16026514392938973, 0.06935978083982174, 0.0066458730222662896, -0.02902173821841457,
      -0.03993331695283032, -0.03231120795444038, -0.017478985179070813, -0.004852626162140173,
      0.0032799994944594305, 0.008394813005835687, 0.011224324428164217, 0.01278801672114477,
      0.015277750894658375, 0.020123009659374684, 0.027967884083005795, 0.03783097660836887,
      0.04440206907832721, 0.041705406838642115, 0.018166976984947868, -0.10343832844361908,
      -0.40279674862174264, -0.5735582555742575, -0.3763518772868193, -0.1330995258606927,
      -0.03994394455281404, -0.013287568338417082, 0.0046356403064889045, 0.02008275190745867,
      0.0260575289913103, 0.025859419530297627, 0.026138905077280207, 0.03059383719851797,
      0.03965607096203118, 0.04870132011758345, 0.05401487964873715, 0.06480805406940031,
      0.09985199922938262, 0.197497945870849
    ],
    [
      0.20547569745600813, 0.5358096080632806, 1.9910549513819582, 14.649547917734072,
      -45.632768955613194, -124.56225844300184, 295.4930916685418, -114.92012346916201,
      -45.13462407255601, 14.756701565382508, 2.252515349118803, 0.7069072834637369,
      0.29498694306206513, 0.11314758807618937, 0.016677752198532833, -0.02665503837544897,
      -0.03483060454534648, -0.024164677732863203, -0.009206940379011786, 0.002734341399837248,
      0.01186176151944418, 0.019695263146339854, 0.02407840453144353, 0.02411568009717051,
      0.02385319535125173, 0.02652744244861896, 0.032760473109721286, 0.04030409412780202,
      0.04239159981831804, 0.03421716576753754, 0.012146882880141936, -0.07413067307978982,
      -0.2984467733631035, -0.4739080732987257, -0.3602339413844211, -0.14832941277137268,
      -0.04664063134876352, -0.013701770021706914, 0.006270179031167204, 0.021571467121991695,
      0.026530979728584713, 0.025189203063924612, 0.02418934195351819, 0.0268898998914313,
      0.03349136414652862, 0.03965607096203202, 0.04138941432833821, 0.044566509410923334,
      0.05957077559730266, 0.10010564272143269
    ],
    [
      0.07559256193279466, 0.16481280458466305, 0.49770438785936705, 2.0917711687580334,
      15.62210225702051, -46.702203816141804, -114.92012346916201, 274.905975867059,
      -105.01292734252458, -43.62189909641818, 14.464886833997896, 2.2683571701408383,
      0.6803293188209554, 0.21981092297649404, 0.041570143524924046, -0.019779119059192926,
      -0.027326202226473563, -0.015334434953157158, -0.0019111346675293583, 0.007808748055459033,
      0.0156982816173246, 0.023140333691164687, 0.026911620320609293, 0.02565061108245349,
      0.02387768698819274, 0.025073975949752733, 0.02956334439942713, 0.03464568228457949,
      0.03373497495156882, 0.023301765414523, 0.0028276142019998535, -0.06538704497935924,
      -0.251303629587741, -0.42600515872516875, -0.3512550451986852, -0.15160047403997218,
      -0.043763391935340644, -0.009096348940687202, 0.00915734516317682, 0.02168597494479972,
      0.0247363008829912, 0.022521583608530973, 0.02085092446910855, 0.022352748067816217,
      0.026889899891430875, 0.03059383719851787, 0.02988940860325194, 0.028632233051000877,
      0.03245497385245678, 0.04500240319446709
    ],
    [
      0.0157697547207889, 0.03088938630903444, 0.12148551882799476, 0.5137903049593692,
      2.2418659086888866, 15.511450871418953, -45.13462407255601, -105.01292734252458,
      260.5397361297501, -102.13735213143975, -43.96880334026108, 15.006493482215285,
      2.301507258405053, 0.5845011412596218, 0.1365705990029169, 0.013139749642536142,
      -0.007682923497435101, -0.0013940755415675216, 0.006807806710115022, 0.012538843709892222,
      0.017892214744686503, 0.02352407998404037, 0.025814997407879903, 0.023567927768019675,
      0.021158165962501127, 0.021628595602533208, 0.024920336970534356, 0.028186886778769907,
      0.02539589921620866, 0.014001635009876194, -0.005290095276867447, -0.06331498155285528,
      -0.2280658904998527, -0.4054461232357136, -0.35384400514431236, -0.15481869856169989,
      -0.03823874119997809, -0.0023076674625819617, 0.01399008612788434, 0.023938192200935925,
      0.025148928330020543, 0.022074856774491457, 0.01996118864078994, 0.020850924469108197,
      0.024189341953517664, 0.026138905077280044, 0.0234818760935752, 0.019308965076362865,
      0.01685000101646243, 0.015539327928310517
    ],
    [
      -0.010964403376013676, -0.016492793277686164, 0.014827259741312555, 0.1593384278839026,
      0.6231550617203782, 2.30176023033254, 14.756701565382508, -43.62189909641818,
      -102.13735213143975, 263.6627072451039, -107.7464489542166, -45.78723149495348,
      15.66802701033371, 2.1901130763183225, 0.4942780447807435, 0.12993991864366822,
      0.04590600597603122, 0.02715007417655908, 0.02218495966197452, 0.020897384889433712,
      0.022650675434730063, 0.026116527164228454, 0.02669023767110979, 0.023254013207336326,
      0.020225268254263715, 0.020268468169607357, 0.02288566421256143, 0.024867819406325455,
      0.020221799556430393, 0.00711485024747757, -0.012553406237537663, -0.06509901017403621,
      -0.21680403487523742, -0.4000871140556941, -0.3687896225598089, -0.16478321711661773,
      -0.03404829482183446, 0.005519702612761829, 0.02125918854046523, 0.029651755639219377,
      0.029138129485011557, 0.024851354725925975, 0.022074856774492054, 0.022521583608531157,
      0.025189203063924744, 0.025859419530298185, 0.02140782213330097, 0.014910250954490717,
      0.00857787501077822, 0.00031084317417272647
    ],
    [
      -0.023363430265585537, -0.031419904371978676, -0.012598932028365484, 0.06369651331246658,
      0.24981973796500156, 0.6955963530728251, 2.252515349118803, 14.464886833997896,
      -43.96880334026108, -107.7464489542166, 282.00227612844446, -118.7215508770153,
      -46.75066353801936, 15.410850537220018, 2.05705301197986, 0.5127999046233025,
      0.18292113597546447, 0.08696816917984274, 0.05127272977824285, 0.03669870553555859,
      0.032761207222972585, 0.03361313439369845, 0.03216929877511071, 0.02684859988182195,
      0.022590826053789658, 0.022023536836671034, 0.02414070616274159, 0.025001819925539126,
      0.018027407151536237, 0.002072461289467362, -0.019102248843886796, -0.06862564076270616,
      -0.21290453905096934, -0.40940938687604955, -0.4021502864887626, -0.18603735191979193,
      -0.03158626264982137, 0.015203176663946605, 0.031167102860784487, 0.038015043332927115,
      0.035276379435566725, 0.029138129485011308, 0.025148928330020803, 0.024736300882991065,
      0.026530979728584404, 0.02605752899131049, 0.020239172253912, 0.012074313822859948,
      0.0031845246819584457, -0.00871099559676988
    ],
    [
      -0.031332968810027756, -0.0362511527266471, -0.017864788664990812, 0.03538903165136404,
      0.13500357791713974, 0.30702538818974456, 0.7069072834637369, 2.2683571701408383,
      15.006493482215285, -45.78723149495348, -118.7215508770153, 300.26634723342585,
      -125.74867773468014, -44.408942600336594, 14.097464722177923, 1.9380122140444915,
      0.5336359449650563, 0.20784845302023747, 0.10219078112307695, 0.06208470259038245,
      0.04824704626117547, 0.04514801024750424, 0.04110881175214031, 0.033155784726076956,
      0.026886197579595046, 0.02514856180688939, 0.0264689419172531, 0.026176223960025745,
      0.017164437903213408, -0.0008247669420606823, -0.02188141314082661, -0.066784984199484,
      -0.2076261805407375, -0.4371100787194327, -0.4723294743229903, -0.2314014718231604,
      -0.033365975758137406, 0.025896902332892262, 0.04078722759619344, 0.04402296284359561,
      0.0380150433329263, 0.029651755639218923, 0.02393819220093617, 0.021685974944799343,
      0.021571467121992018, 0.02008275190745902, 0.014603911251056648, 0.0067061328797055324,
      -0.0032298331473718973, -0.01682052734834525
    ],
    [
      -0.03871284968405804, -0.04041841809738709, -0.021926896784517688, 0.018543518130013606,
      0.07981729047071037, 0.16026514392938973, 0.29498694306206513, 0.6803293188209554,
      2.301507258405053, 15.66802701033371, -46.75066353801936, -125.74867773468014,
      299.96833669633423, -120.9492253713191, -38.580367138871466, 11.834110852667122,
      1.6567103810887078, 0.4697583045299292, 0.18775427697127334, 0.09685574511112507,
      0.06537274974415215, 0.055383932540705894, 0.04776072811394082, 0.03701545720011294,
      0.02853219290963164, 0.02510359499020978, 0.02501493026820239, 0.023637177943177483,
      0.014570006913784784, -0.001465523531778993, -0.01768641424962479, -0.05271132957979228,
      -0.19090771915860943, -0.4917546633866946, -0.624697611245894, -0.34291779614389106,
      -0.054071408995271464, 0.03145855080982815, 0.04375322975853595, 0.04078722759619631,
      0.031167102860784633, 0.021259188540465213, 0.013990086127884925, 0.00915734516317628,
      0.006270179031167679, 0.004635640306488741, 0.0025531108455951433, -0.0019852128321508917,
      -0.011057199727403766, -0.02517834521121383
    ],
    [
      -0.04782029412227436, -0.049183538176426025, -0.03273442706262263, -0.0035800288806645056,
      0.032573961754660805, 0.06935978083982174, 0.11314758807618937, 0.21981092297649404,
      0.5845011412596218, 2.1901130763183225, 15.410850537220018, -44.408942600336594,
      -120.9492253713191, 280.5573959608507, -111.1393856949623, -31.587176598077985,
      9.47544681903024, 1.3418731933046715, 0.38680045022492265, 0.16006487359196625,
      0.08973143987082259, 0.06563081230544857, 0.051513663362106984, 0.0370982888045895,
      0.026178558329409782, 0.020729607385336683, 0.018793624841886073, 0.01642560104200242,
      0.008939585106689858, -0.0022378958001602976, -0.011303920226854641, -0.03505960925329067,
      -0.17375405886225165, -0.6112863142218864, -0.982953865420942, -0.6646540611293669,
      -0.16031048686638077, 0.009955660283543805, 0.03145855080982512, 0.02589690233289408,
      0.015203176663945318, 0.005519702612762394, -0.002307667462582338, -0.009096348940688496,
      -0.01370177002170614, -0.013287568338417204, -0.00928556531996405, -0.008619136424692274,
      -0.016496941794077367, -0.03260971617778689
    ],
    [
      -0.07053096714423597, -0.07131606136177585, -0.052739774214800646, -0.028889457261511264,
      -0.007907319060719807, 0.0066458730222662896, 0.016677752198532833, 0.041570143524924046,
      0.1365705990029169, 0.4942780447807435, 2.05705301197986, 14.097464722177923,
      -38.580367138871466, -111.1393856949623, 261.70230464797123, -107.2578276830983,
      -25.992271999059092, 7.933467368046618, 1.1609054944049824, 0.34875518919713316,
      0.15524186522453343, 0.09371175393464336, 0.06377145659267788, 0.04069862587148879,
      0.024731559560309264, 0.01601742140341053, 0.011627577602871659, 0.007802917012625714,
      0.0010954992347844295, -0.006774309950803763, -0.011687641917794096, -0.029288306538677825,
      -0.16626537217665072, -0.7555814376256393, -1.5784123466995035, -1.4525626083333099,
      -0.6070806173336334, -0.16031048686637842, -0.0540714089952718, -0.033365975758134866,
      -0.031586262649821395, -0.03404829482183363, -0.038238741199977624, -0.043763391935341726,
      -0.04664063134876178, -0.03994394455281359, -0.026099024780186234, -0.018365968380318287,
      -0.026106147946670072, -0.048962507898860946
    ],
    [
      -0.1372860516581967, -0.11927175945421928, -0.08145757979216732, -0.05194658835100113,
      -0.03584600130287572, -0.02902173821841457, -0.02665503837544897, -0.019779119059192926,
      0.013139749642536142, 0.12993991864366822, 0.5127999046233025, 1.9380122140444915,
      11.834110852667122, -31.587176598077985, -107.2578276830983, 256.0711838908529,
      -108.51230145576132, -22.938026037598867, 7.344261618032845, 1.1357973509802093,
      0.3678871667167209, 0.17729009753105848, 0.10188825561621066, 0.056041459941377686,
      0.027723100999808237, 0.01225688857503745, 0.0038359745915245574, -0.002467074000103906,
      -0.010044633701313437, -0.01754309204771918, -0.023313642863030823, -0.04343360544043537,
      -0.16702946652207842, -0.7139114147333777, -1.7361954083185493, -2.1707541988298855,
      -1.4525626083333176, -0.6646540611293639, -0.3429177961438961, -0.2314014718231592,
      -0.18603735191979487, -0.16478321711661692, -0.1548186985617025, -0.15160047403997573,
      -0.14832941277137213, -0.1330995258606943, -0.10868001526749874, -0.09277482985231117,
      -0.09489047551280419, -0.11833031792190954
    ],
    [
      -0.3075535428307369, -0.19281792854971563, -0.10584635514523606, -0.06355147070042724,
      -0.04693497406861874, -0.03993331695283032, -0.03483060454534648, -0.027326202226473563,
      -0.007682923497435101, 0.04590600597603122, 0.18292113597546447, 0.5336359449650563,
      1.6567103810887078, 9.47544681903024, -25.992271999059092, -108.51230145576132,
      257.2216703729837, -109.51792501612309, -22.507875018895557, 7.635919582845824,
      1.26368584208132, 0.43970141205264157, 0.20475752928866509, 0.09513437291288883,
      0.036988561012603643, 0.007631313950704082, -0.007194295018932054, -0.0163255339509151,
      -0.024773226610418447, -0.032828502994347857, -0.04250599992538264, -0.0715517786193417,
      -0.17971169516439844, -0.5231771001625383, -1.1621839589887109, -1.736195408318553,
      -1.5784123466995073, -0.9829538654209431, -0.6246976112458948, -0.4723294743229934,
      -0.4021502864887655, -0.36878962255980774, -0.35384400514431574, -0.35125504519868866,
      -0.36023394138442, -0.3763518772868207, -0.41381912900524254, -0.47864992502725184,
      -0.48064764057492537, -0.40267619569472335
    ],
    [
      -0.5949985217728575, -0.24903050482825959, -0.10177975291379512, -0.05503185049569053,
      -0.04032601267496801, -0.03231120795444038, -0.024164677732863203, -0.015334434953157158,
      -0.0013940755415675216, 0.02715007417655908, 0.08696816917984274, 0.20784845302023747,
      0.4697583045299292, 1.3418731933046715, 7.933467368046618, -22.938026037598867,
      -109.51792501612309, 257.5682249400143, -109.0044472514066, -24.677096412485714,
      8.852247507712288, 1.5436674681299218, 0.5203940871179995, 0.19703541858231163,
      0.0614952095661807, 0.0036815760085708547, -0.02005478856613713, -0.030237774981860255,
      -0.03683923670788561, -0.043572571908613765, -0.05555389243594251, -0.08826664178094369,
      -0.17122878192175583, -0.33114031833244095, -0.523177100162537, -0.7139114147333717,
      -0.7555814376256303, -0.6112863142218783, -0.4917546633866861, -0.43711007871943147,
      -0.4094093868760468, -0.4000871140556903, -0.4054461232357145, -0.42600515872516787,
      -0.4739080732987248, -0.5735582555742611, -0.7978064253609325, -1.2162334033775233,
      -1.445202955604847, -1.1045741013133419
    ],
    [
      -0.9422118440195022, -0.2731346908117005, -0.07293202997867826, -0.033478086859832314,
      -0.024549648401986097, -0.017478985179070813, -0.009206940379011786, -0.0019111346675293583,
      0.006807806710115022, 0.02218495966197452, 0.05127272977824285, 0.10219078112307695,
      0.18775427697127334, 0.38680045022492265, 1.1609054944049824, 7.344261618032845,
      -22.507875018895557, -109.0044472514066, 256.26038146269343, -107.44255947781136,
      -29.476946882353378, 10.996403989366348, 1.8625443486326332, 0.527614038851873,
      0.1457822633240622, 0.019096035809455125, -0.020947909809376865, -0.031319153378498596,
      -0.034171877207051185, -0.038749748774746455, -0.05076577402562236, -0.07774646033123933,
      -0.12436339978390978, -0.1712287819217518, -0.17971169516439772, -0.1670294665220779,
      -0.16626537217664966, -0.17375405886225223, -0.19090771915860602, -0.20762618054074078,
      -0.21290453905096685, -0.21680403487523667, -0.22806589049985285, -0.2513036295877372,
      -0.29844677336310244, -0.4027967486217404, -0.6724390132671565, -1.3361072883575082,
      -2.1039678905034074, -1.9098448590374484
    ],
    [
      -1.0973209758579312, -0.2923857190646881, -0.0520605298758597, -0.01668686376636578,
      -0.011375857585696682, -0.004852626162140173, 0.002734341399837248, 0.007808748055459033,
      0.012538843709892222, 0.020897384889433712, 0.03669870553555859, 0.06208470259038245,
      0.09685574511112507, 0.16006487359196625, 0.34875518919713316, 1.1357973509802093,
      7.635919582845824, -24.677096412485714, -107.44255947781136, 258.40836732545915,
      -108.9494898264913, -36.23269065158685, 13.429072302255449, 2.027156082888339,
      0.48960711538358337, 0.12342587322083147, 0.024618722387314697, 1.824043424573929e-5,
      -0.006166405686173715, -0.014397059018296854, -0.030245378801436983, -0.05302683972322321,
      -0.07774646033123915, -0.08826664178094229, -0.07155177861934175, -0.043433605440435716,
      -0.029288306538677783, -0.03505960925329189, -0.052711329579790855, -0.066784984199487,
      -0.06862564076270573, -0.06509901017403673, -0.06331498155285574, -0.06538704497935714,
      -0.07413067307979117, -0.10343832844361836, -0.21130663495754456, -0.617446751599048,
      -1.510091878596231, -1.8983828461303882
    ],
    [
      -0.8814479236003463, -0.28897102257118873, -0.054031873403170616, -0.013579153633063706,
      -0.0058130687776729514, 0.0032799994944594305, 0.01186176151944418, 0.0156982816173246,
      0.017892214744686503, 0.022650675434730063, 0.032761207222972585, 0.04824704626117547,
      0.06537274974415215, 0.08973143987082259, 0.15524186522453343, 0.3678871667167209,
      1.26368584208132, 8.852247507712288, -29.476946882353378, -108.9494898264913,
      273.13670800066404, -117.55347722401504, -42.77340412625666, 15.085725686151845,
      2.1369918083833026, 0.5457733291258029, 0.1884133881608534, 0.08846424912058154,
      0.05378429530462663, 0.027652322140890452, -0.002068348105149359, -0.03024537880143774,
      -0.050765774025623475, -0.05555389243594128, -0.042505999925382947, -0.02331364286303074,
      -0.011687641917793711, -0.011303920226854437, -0.017686414249623136, -0.021881413140827706,
      -0.019102248843885814, -0.01255340623753809, -0.005290095276866715, 0.0028276142020016576,
      0.012146882880139882, 0.018166976984947195, 0.002895215742601473, -0.13209614126844985,
      -0.6417395620592458, -1.1711525460268473
    ],
    [
      -0.632082000881967, -0.27923030095924106, -0.07293811257622676, -0.021392434420061314,
      -0.006187699768033444, 0.008394813005835687, 0.019695263146339854, 0.023140333691164687,
      0.02352407998404037, 0.026116527164228454, 0.03361313439369845, 0.04514801024750424,
      0.055383932540705894, 0.06563081230544857, 0.09371175393464336, 0.17729009753105848,
      0.43970141205264157, 1.5436674681299218, 10.996403989366348, -36.23269065158685,
      -117.55347722401504, 294.879677976797, -125.45636090705085, -46.41055834691154,
      15.70942787509746, 2.281372040728655, 0.6561076093880105, 0.27553436478501153,
      0.15142742498728684, 0.08350491341976143, 0.027652322140890945, -0.014397059018297374,
      -0.03874974877474694, -0.04357257190861324, -0.03282850299434787, -0.017543092047718995,
      -0.006774309950803477, -0.0022378958001609446, -0.001465523531777974, -0.0008247669420617786,
      0.0020724612894679056, 0.007114850247476793, 0.014001635009876333, 0.023301765414523733,
      0.03421716576753637, 0.04170540683864171, 0.03785690828861432, -0.018410674291618995,
      -0.27576977314945544, -0.6589047511144333
    ],
    [
      -0.5096688976749632, -0.28275336820743546, -0.0941781994736637, -0.030353887155688104,
      -0.0075937220182414516, 0.011224324428164217, 0.02407840453144353, 0.026911620320609293,
      0.025814997407879903, 0.02669023767110979, 0.03216929877511071, 0.04110881175214031,
      0.04776072811394082, 0.051513663362106984, 0.06377145659267788, 0.10188825561621066,
      0.20475752928866509, 0.5203940871179995, 1.8625443486326332, 13.429072302255449,
      -42.77340412625666, -125.45636090705085, 302.80579582630793, -122.09160477891828,
      -46.34684905924695, 15.274728057297695, 2.287736541404233, 0.7036688814578232,
      0.31109160230982047, 0.15142742498728967, 0.05378429530462804, -0.006166405686174131,
      -0.034171877207051456, -0.036839236707885185, -0.02477322661041919, -0.01004463370131374,
      0.0010954992347844816, 0.00893958510668913, 0.014570006913784942, 0.017164437903212607,
      0.018027407151536577, 0.020221799556429946, 0.025395899216209206, 0.03373497495156999,
      0.042391599818318505, 0.04440206907832811, 0.03569024462524881, -0.0030010555259370464,
      -0.16413179705522885, -0.44767103999499946
    ],
    [
      -0.45206404055629795, -0.2838498450770761, -0.10271027467284677, -0.031263669529141815,
      -0.005655801075651881, 0.01278801672114477, 0.02411568009717051, 0.02565061108245349,
      0.023567927768019675, 0.023254013207336326, 0.02684859988182195, 0.033155784726076956,
      0.03701545720011294, 0.0370982888045895, 0.04069862587148879, 0.056041459941377686,
      0.09513437291288883, 0.19703541858231163, 0.527614038851873, 2.027156082888339,
      15.085725686151845, -46.41055834691154, -122.09160477891828, 289.1388084672797,
      -111.13823151311568, -44.49707922353152, 14.566786897481206, 2.246489529736403,
      0.7036688814578153, 0.275534364785011, 0.08846424912058191, 1.8240434244753967e-5,
      -0.031319153378498985, -0.030237774981859568, -0.016325533950915343, -0.002467074000103469,
      0.0078029170126259866, 0.016425601042002358, 0.023637177943177972, 0.02617622396002535,
      0.025001819925539574, 0.024867819406324702, 0.028186886778770195, 0.03464568228457945,
      0.040304094127800914, 0.03783097660836808, 0.02554245506159162, -0.006455786964218398,
      -0.12556973235054494, -0.3576998001203352
    ],
    [
      -0.4254378417461878, -0.2845546878576556, -0.10230862045201806, -0.02578416934473571,
      -0.0005105885183539528, 0.015277750894658375, 0.02385319535125173, 0.02387768698819274,
      0.021158165962501127, 0.020225268254263715, 0.022590826053789658, 0.026886197579595046,
      0.02853219290963164, 0.026178558329409782, 0.024731559560309264, 0.027723100999808237,
      0.036988561012603643, 0.0614952095661807, 0.1457822633240622, 0.48960711538358337,
      2.1369918083833026, 15.70942787509746, -46.34684905924695, -111.13823151311568,
      268.59319744437914, -103.11047415965045, -43.50121003444147, 14.566786897481201,
      2.2877365414042083, 0.6561076093880098, 0.18841338816085473, 0.024618722387313746,
      -0.020947909809377635, -0.020054788566136364, -0.007194295018932404, 0.003835974591524363,
      0.011627577602871687, 0.018793624841886042, 0.025014930268202208, 0.026468941917252846,
      0.02414070616274173, 0.022885664212560917, 0.024920336970534605, 0.029563344399427424,
      0.03276047310972113, 0.027967884083006073, 0.014780883510108696, -0.012881743608797826,
      -0.10969436823511113, -0.31481450090934837
    ],
    [
      -0.41850600721457676, -0.29373121144983116, -0.10317641585819554, -0.019162346786545756,
      0.006265837556332945, 0.020123009659374684, 0.02652744244861896, 0.025073975949752733,
      0.021628595602533208, 0.020268468169607357, 0.022023536836671034, 0.02514856180688939,
      0.02510359499020978, 0.020729607385336683, 0.01601742140341053, 0.01225688857503745,
      0.007631313950704082, 0.0036815760085708547, 0.019096035809455125, 0.12342587322083147,
      0.5457733291258029, 2.281372040728655, 15.274728057297695, -44.49707922353152,
      -103.11047415965045, 259.4720023887164, -103.11047415965018, -44.4970792235313,
      15.27472805729752, 2.2813720407286513, 0.5457733291258055, 0.12342587322083033,
      0.019096035809454834, 0.0036815760085709553, 0.0076313139507039815, 0.012256888575037404,
      0.016017421403410746, 0.02072960738533635, 0.025103594990209796, 0.02514856180688936,
      0.022023536836671187, 0.020268468169606958, 0.02162859560253351, 0.025073975949753087,
      0.026527442448618682, 0.02012300965937481, 0.006265837556333014, -0.019162346786545086,
      -0.10317641585819506, -0.2937312114498317
    ],
    [
      -0.4254378417461873, -0.31481450090934965, -0.10969436823511178, -0.01288174360879863,
      0.014780883510108474, 0.027967884083005795, 0.032760473109721286, 0.02956334439942713,
      0.024920336970534356, 0.02288566421256143, 0.02414070616274159, 0.0264689419172531,
      0.02501493026820239, 0.018793624841886073, 0.011627577602871659, 0.0038359745915245574,
      -0.007194295018932054, -0.02005478856613713, -0.020947909809376865, 0.024618722387314697,
      0.1884133881608534, 0.6561076093880105, 2.287736541404233, 14.566786897481206,
      -43.50121003444147, -103.11047415965018, 268.5931974443783, -111.13823151311541,
      -46.34684905924679, 15.709427875097507, 2.136991808383324, 0.48960711538358276,
      0.14578226332406263, 0.06149520956618093, 0.03698856101260325, 0.02772310099980798,
      0.024731559560309525, 0.02617855832940961, 0.028532192909631778, 0.026886197579595053,
      0.022590826053789845, 0.020225268254263455, 0.021158165962501457, 0.02387768698819279,
      0.02385319535125195, 0.015277750894658337, -0.0005105885183536024, -0.025784169344734514,
      -0.10230862045201772, -0.2845546878576569
    ],
    [
      -0.45206404055629884, -0.3576998001203337, -0.12556973235054475, -0.006455786964216052,
      0.02554245506159261, 0.03783097660836887, 0.04030409412780202, 0.03464568228457949,
      0.028186886778769907, 0.024867819406325455, 0.025001819925539126, 0.026176223960025745,
      0.023637177943177483, 0.01642560104200242, 0.007802917012625714, -0.002467074000103906,
      -0.0163255339509151, -0.030237774981860255, -0.031319153378498596, 1.824043424573929e-5,
      0.08846424912058154, 0.27553436478501153, 0.7036688814578232, 2.246489529736403,
      14.566786897481201, -44.4970792235313, -111.13823151311541, 289.1388084672797,
      -122.09160477891871, -46.41055834691197, 15.085725686152148, 2.027156082888353,
      0.5276140388518786, 0.1970354185823139, 0.0951343729128892, 0.056041459941378054,
      0.040698625871489404, 0.03709828880458966, 0.03701545720011323, 0.033155784726077255,
      0.026848599881822324, 0.02325401320733604, 0.023567927768020015, 0.02565061108245355,
      0.024115680097170383, 0.012788016721144442, -0.005655801075652993, -0.03126366952914146,
      -0.10271027467284972, -0.28384984507708005
    ],
    [
      -0.5096688976749579, -0.44767103999499985, -0.1641317970552324, -0.0030010555259380595,
      0.03569024462524756, 0.04440206907832721, 0.04239159981831804, 0.03373497495156882,
      0.02539589921620866, 0.020221799556430393, 0.018027407151536237, 0.017164437903213408,
      0.014570006913784784, 0.008939585106689858, 0.0010954992347844295, -0.010044633701313437,
      -0.024773226610418447, -0.03683923670788561, -0.034171877207051185, -0.006166405686173715,
      0.05378429530462663, 0.15142742498728684, 0.31109160230982047, 0.7036688814578153,
      2.2877365414042083, 15.27472805729752, -46.34684905924679, -122.09160477891871,
      302.8057958263094, -125.45636090705145, -42.77340412625686, 13.429072302255292,
      1.8625443486326207, 0.5203940871179941, 0.2047575292886618, 0.10188825561620916,
      0.06377145659267734, 0.051513663362106145, 0.04776072811394013, 0.041108811752139984,
      0.03216929877511069, 0.02669023767110919, 0.025814997407880125, 0.02691162032060906,
      0.024078404531443935, 0.011224324428164638, -0.007593722018240912, -0.030353887155685003,
      -0.09417819947366224, -0.28275336820743235
    ],
    [
      -0.6320820008819642, -0.6589047511144324, -0.27576977314945816, -0.018410674291615664,
      0.03785690828861344, 0.041705406838642115, 0.03421716576753754, 0.023301765414523,
      0.014001635009876194, 0.00711485024747757, 0.002072461289467362, -0.0008247669420606823,
      -0.001465523531778993, -0.0022378958001602976, -0.006774309950803763, -0.01754309204771918,
      -0.032828502994347857, -0.043572571908613765, -0.038749748774746455, -0.014397059018296854,
      0.027652322140890452, 0.08350491341976143, 0.15142742498728967, 0.275534364785011,
      0.6561076093880098, 2.2813720407286513, 15.709427875097507, -46.41055834691197,
      -125.45636090705145, 294.87967797679784, -117.55347722401501, -36.23269065158666,
      10.996403989366344, 1.5436674681299145, 0.4397014120526373, 0.1772900975310572,
      0.09371175393464369, 0.06563081230544829, 0.05538393254070578, 0.04514801024750441,
      0.033613134393698604, 0.026116527164228003, 0.02352407998404081, 0.023140333691164378,
      0.019695263146339976, 0.00839481300583574, -0.006187699768033961, -0.021392434420060093,
      -0.07293811257622869, -0.27923030095924317
    ],
    [
      -0.8814479236003443, -1.1711525460268475, -0.6417395620592519, -0.13209614126844543,
      0.0028952157426006403, 0.018166976984947868, 0.012146882880141936, 0.0028276142019998535,
      -0.005290095276867447, -0.012553406237537663, -0.019102248843886796, -0.02188141314082661,
      -0.01768641424962479, -0.011303920226854641, -0.011687641917794096, -0.023313642863030823,
      -0.04250599992538264, -0.05555389243594251, -0.05076577402562236, -0.030245378801436983,
      -0.002068348105149359, 0.027652322140890945, 0.05378429530462804, 0.08846424912058191,
      0.18841338816085473, 0.5457733291258055, 2.136991808383324, 15.085725686152148,
      -42.77340412625686, -117.55347722401501, 273.1367080006636, -108.94948982649095,
      -29.47694688235326, 8.852247507712212, 1.2636858420813106, 0.3678871667167193,
      0.15524186522453418, 0.08973143987082248, 0.06537274974415218, 0.04824704626117597,
      0.03276120722297284, 0.022650675434729886, 0.017892214744686687, 0.01569828161732474,
      0.011861761519444207, 0.0032799994944590783, -0.005813068777673248, -0.013579153633062415,
      -0.05403187340317227, -0.2889710225711915
    ],
    [
      -1.0973209758579283, -1.8983828461303924, -1.510091878596249, -0.6174467515990493,
      -0.21130663495754784, -0.10343832844361908, -0.07413067307978982, -0.06538704497935924,
      -0.06331498155285528, -0.06509901017403621, -0.06862564076270616, -0.066784984199484,
      -0.05271132957979228, -0.03505960925329067, -0.029288306538677825, -0.04343360544043537,
      -0.0715517786193417, -0.08826664178094369, -0.07774646033123933, -0.05302683972322321,
      -0.03024537880143774, -0.014397059018297374, -0.006166405686174131, 1.8240434244753967e-5,
      0.024618722387313746, 0.12342587322083033, 0.48960711538358276, 2.027156082888353,
      13.429072302255292, -36.23269065158666, -108.94948982649095, 258.4083673254584,
      -107.44255947781093, -24.67709641248554, 7.635919582845772, 1.1357973509802026,
      0.3487551891971348, 0.1600648735919655, 0.0968557451111249, 0.062084702590382866,
      0.03669870553555877, 0.02089738488943332, 0.012538843709892666, 0.007808748055459134,
      0.0027343413998373173, -0.004852626162139991, -0.011375857585696668, -0.01668686376636419,
      -0.052060529875860295, -0.2923857190646892
    ],
    [
      -0.9422118440194984, -1.9098448590374502, -2.1039678905034203, -1.336107288357518,
      -0.6724390132671656, -0.40279674862174264, -0.2984467733631035, -0.251303629587741,
      -0.2280658904998527, -0.21680403487523742, -0.21290453905096934, -0.2076261805407375,
      -0.19090771915860943, -0.17375405886225165, -0.16626537217665072, -0.16702946652207842,
      -0.17971169516439844, -0.17122878192175583, -0.12436339978390978, -0.07774646033123915,
      -0.050765774025623475, -0.03874974877474694, -0.034171877207051456, -0.031319153378498985,
      -0.020947909809377635, 0.019096035809454834, 0.14578226332406263, 0.5276140388518786,
      1.8625443486326207, 10.996403989366344, -29.47694688235326, -107.44255947781093,
      256.26038146269235, -109.00444725140616, -22.507875018895483, 7.344261618032835,
      1.1609054944049952, 0.38680045022492276, 0.18775427697127373, 0.10219078112307797,
      0.05127272977824349, 0.022184959661973987, 0.006807806710115754, -0.0019111346675297885,
      -0.009206940379011062, -0.017478985179071014, -0.024549648401986108, -0.033478086859831224,
      -0.07293202997867859, -0.27313469081170083
    ],
    [
      -0.594998521772858, -1.1045741013133372, -1.4452029556048385, -1.2162334033775255,
      -0.7978064253609334, -0.5735582555742575, -0.4739080732987257, -0.42600515872516875,
      -0.4054461232357136, -0.4000871140556941, -0.40940938687604955, -0.4371100787194327,
      -0.4917546633866946, -0.6112863142218864, -0.7555814376256393, -0.7139114147333777,
      -0.5231771001625383, -0.33114031833244095, -0.1712287819217518, -0.08826664178094229,
      -0.05555389243594128, -0.04357257190861324, -0.036839236707885185, -0.030237774981859568,
      -0.020054788566136364, 0.0036815760085709553, 0.06149520956618093, 0.1970354185823139,
      0.5203940871179941, 1.5436674681299145, 8.852247507712212, -24.67709641248554,
      -109.00444725140616, 257.5682249400138, -109.51792501612313, -22.938026037599027,
      7.933467368046775, 1.3418731933046764, 0.46975830452993167, 0.20784845302023974,
      0.08696816917984358, 0.02715007417655814, -0.0013940755415670567, -0.015334434953157495,
      -0.02416467773286415, -0.03231120795444039, -0.04032601267496849, -0.05503185049569156,
      -0.10177975291379698, -0.2490305048282618
    ],
    [
      -0.30755354283073616, -0.4026761956947206, -0.4806476405749175, -0.47864992502725606,
      -0.41381912900524137, -0.3763518772868193, -0.3602339413844211, -0.3512550451986852,
      -0.35384400514431236, -0.3687896225598089, -0.4021502864887626, -0.4723294743229903,
      -0.624697611245894, -0.982953865420942, -1.5784123466995035, -1.7361954083185493,
      -1.1621839589887109, -0.523177100162537, -0.17971169516439772, -0.07155177861934175,
      -0.042505999925382947, -0.03282850299434787, -0.02477322661041919, -0.016325533950915343,
