{
  "A": [
    [
      193.5642295174415, -69.98605964405864, -9.209355440365583, 3.036778471910369,
      0.43673711256680986, 0.11575387928743319, 0.03822622901585393, 0.014406189729441219,
      0.008697584609758169, 0.014406189729441056, 0.038226229015854055, 0.11575387928743315,
      0.4367371125668112, 3.0367784719103748, -9.209355440365577, -69.98605964405853,
      -17.190496949841148, -10.367378158781666, -2.3505000724663754, -0.2822667042184806,
      0.03945214159324817, 0.09189738639326522, 0.09517471385692679, 0.09123842880668895,
      0.08936078125128806, 0.091238428806689, 0.09517471385692684, 0.09189738639326517,
      0.039452141593248224, -0.2822667042184805, -2.3505000724663665, -10.367378158781664
    ],
    [
      -69.98605964405864, 153.13204646341654, -48.05344586574924, -9.209355440365583,
      3.0367784719103668, 0.43673711256680947, 0.11575387928743308, 0.03822622901585382,
      0.014406189729441125, 0.008697584609758294, 0.01440618972944097, 0.038226229015853846,
      0.1157538792874334, 0.43673711256680886, 3.0367784719103543, -9.209355440365563,
      -7.598288273454067, -5.527492629303094, -2.0437194633483813, -0.5988827093458953,
      -0.17337697406539826, -0.014608818816429225, 0.05170083617333872, 0.07907787961516308,
      0.08656060912842373, 0.07907787961516329, 0.05170083617333865, -0.014608818816429087,
      -0.1733769740653987, -0.5988827093458946, -2.043719463348377, -5.527492629303097
    ],
    [
      -9.209355440365583, -48.05344586574924, 99.3046164825074, -36.43879268127966,
      -9.20935544036558, 3.036778471910365, 0.43673711256680936, 0.11575387928743325,
      0.0382262290158539, 0.014406189729441125, 0.008697584609758304, 0.014406189729440903,
      0.03822622901585393, 0.11575387928743325, 0.43673711256680825, 3.036778471910366,
      0.035791310482697236, -0.25012141733813026, -0.5580671934584606, -0.5234687036499102,
      -0.35988901527123, -0.1933032040977154, -0.0542786803738082, 0.04069368322738261,
      0.07490934706413097, 0.04069368322738254, -0.05427868037380773, -0.19330320409771515,
      -0.3598890152712305, -0.5234687036499099, -0.5580671934584607, -0.25012141733813187
    ],
    [
      3.036778471910369, -9.209355440365583, -36.43879268127966, 81.58908200807552,
      -32.401620058046014, -9.209355440365579, 3.0367784719103663, 0.43673711256680947,
      0.11575387928743319, 0.03822622901585376, 0.014406189729441077, 0.00869758460975846,
      0.014406189729441049, 0.03822622901585382, 0.11575387928743305, 0.43673711256680925,
      0.1566370851695509, 0.09244437889447613, -0.054801889117118266, -0.1981852559227067,
      -0.2781640014471273, -0.27030774331521923, -0.17204382834396795, -0.02960304985414297,
      0.04222595539375623, -0.029603049854142638, -0.17204382834396828, -0.27030774331521934,
      -0.27816400144712683, -0.19818525592270664, -0.05480188911711906, 0.0924443788944759
    ],
    [
      0.43673711256680986, 3.0367784719103668, -9.20935544036558, -32.401620058046014,
      75.94088169439802, -31.10081683671597, -9.209355440365583, 3.036778471910367,
      0.43673711256680936, 0.11575387928743339, 0.038226229015854034, 0.01440618972944101,
      0.008697584609758214, 0.01440618972944107, 0.038226229015853944, 0.11575387928743316,
      0.09689613875117772, 0.08261978142759002, 0.03880680461340313, -0.03586658361786179,
      -0.13649856164947033, -0.235221115378146, -0.25769335446167874, -0.14042210829283433,
      -0.04058113256759338, -0.14042210829283414, -0.25769335446167835, -0.235221115378146,
      -0.1364985616494711, -0.03586658361786162, 0.038806804613402954, 0.08261978142758991
    ],
    [
      0.11575387928743319, 0.43673711256680947, 3.036778471910365, -9.209355440365579,
      -31.10081683671597, 74.77577845582063, -31.168963041931992, -9.209355440365583,
      3.0367784719103668, 0.4367371125668095, 0.1157538792874332, 0.03822622901585391,
      0.014406189729441042, 0.008697584609758238, 0.014406189729440931, 0.03822622901585379,
      0.06474905090130578, 0.06215348235326164, 0.05210864617189083, 0.026649576728213546,
      -0.030632672889149268, -0.14051104805910047, -0.27954615305094876, -0.2974446074256897,
      -0.23009254462932324, -0.2974446074256897, -0.2795461530509483, -0.14051104805910059,
      -0.030632672889149372, 0.026649576728213265, 0.05210864617189084, 0.06215348235326151
    ],
    [
      0.03822622901585393, 0.11575387928743308, 0.43673711256680936, 3.0367784719103663,
      -9.209355440365583, -31.168963041931992, 75.88386705247234, -31.940313421768682,
      -9.209355440365583, 3.0367784719103668, 0.4367371125668095, 0.11575387928743315,
      0.03822622901585401, 0.0144061897294409, 0.00869758460975837, 0.014406189729441122,
      0.048531302682547954, 0.0491929334250741, 0.05043366450698581, 0.048808661440351155,
      0.03277981115985184, -0.03244428604115277, -0.2184331291274541, -0.48390681199509666,
      -0.5897740470897294, -0.48390681199509683, -0.21843312912745427, -0.03244428604115265,
      0.03277981115985171, 0.048808661440351196, 0.05043366450698557, 0.04919293342507414
    ],
    [
      0.014406189729441219, 0.03822622901585382, 0.11575387928743325, 0.43673711256680947,
      3.036778471910367, -9.209355440365583, -31.940313421768682, 77.71941003073958,
      -32.67751584141202, -9.209355440365583, 3.036778471910367, 0.4367371125668095,
      0.11575387928743341, 0.038226229015854124, 0.014406189729440924, 0.008697584609758342,
      0.040808526925591414, 0.04245442459365816, 0.0475297900538542, 0.056024367158963896,
      0.06489041946900917, 0.05166035709632971, -0.10485968773485371, -0.6398446168350116,
      -1.0518898709867663, -0.6398446168350121, -0.10485968773485406, 0.05166035709632958,
      0.0648904194690093, 0.05602436715896401, 0.0475297900538541, 0.04245442459365811
    ],
    [
      0.008697584609758169, 0.014406189729441125, 0.0382262290158539, 0.11575387928743319,
      0.43673711256680936, 3.0367784719103668, -9.209355440365583, -32.67751584141202,
      78.6096739399076, -32.67751584141202, -9.209355440365583, 3.036778471910366,
      0.4367371125668103, 0.11575387928743296, 0.03822622901585391, 0.014406189729441007,
      0.03851057972838494, 0.040380511785986076, 0.04638960291864386, 0.05765164934783776,
      0.07457530899021088, 0.08341826916185577, -0.04373931548626381, -0.6991824585238231,
      -1.2859304420992377, -0.6991824585238238, -0.043739315486264044, 0.0834182691618558,
      0.07457530899021095, 0.057651649347837806, 0.046389602918643774, 0.040380511785986034
    ],
    [
      0.014406189729441056, 0.008697584609758294, 0.014406189729441125, 0.03822622901585376,
      0.11575387928743339, 0.4367371125668095, 3.0367784719103668, -9.209355440365583,
      -32.67751584141202, 77.7194100307396, -31.9403134217687, -9.209355440365593,
      3.0367784719103756, 0.4367371125668093, 0.11575387928743311, 0.03822622901585395,
      0.040808526925591414, 0.04245442459365813, 0.04752979005385419, 0.056024367158963924,
      0.06489041946900911, 0.05166035709632945, -0.10485968773485346, -0.6398446168350116,
      -1.0518898709867666, -0.6398446168350123, -0.1048596877348538, 0.05166035709632945,
      0.06489041946900938, 0.05602436715896384, 0.047529790053854076, 0.042454424593658086
    ],
    [
      0.038226229015854055, 0.01440618972944097, 0.008697584609758304, 0.014406189729441077,
      0.038226229015854034, 0.1157538792874332, 0.4367371125668095, 3.036778471910367,
      -9.209355440365583, -31.9403134217687, 75.88386705247237, -31.168963041932013,
      -9.20935544036558, 3.036778471910357, 0.4367371125668083, 0.11575387928743326,
      0.04853130268254796, 0.04919293342507411, 0.05043366450698574, 0.04880866144035127,
      0.03277981115985173, -0.032444286041152404, -0.2184331291274539, -0.48390681199509666,
      -0.5897740470897297, -0.483906811995097, -0.2184331291274541, -0.03244428604115221,
      0.03277981115985157, 0.048808661440351335, 0.05043366450698556, 0.0491929334250741
    ],
    [
      0.11575387928743315, 0.038226229015853846, 0.014406189729440903, 0.00869758460975846,
      0.01440618972944101, 0.03822622901585391, 0.11575387928743315, 0.4367371125668095,
      3.036778471910366, -9.209355440365593, -31.168963041932013, 74.7757784558206,
      -31.10081683671594, -9.209355440365556, 3.0367784719103557, 0.4367371125668096,
      0.06474905090130573, 0.062153482353261534, 0.052108646171891024, 0.026649576728213373,
      -0.030632672889149254, -0.14051104805910036, -0.27954615305094854, -0.2974446074256898,
      -0.2300925446293237, -0.2974446074256896, -0.27954615305094827, -0.1405110480591008,
      -0.030632672889149212, 0.026649576728213272, 0.052108646171890795, 0.06215348235326151
    ],
    [
      0.4367371125668112, 0.1157538792874334, 0.03822622901585393, 0.014406189729441049,
      0.008697584609758214, 0.014406189729441042, 0.03822622901585401, 0.11575387928743341,
      0.4367371125668103, 3.0367784719103756, -9.20935544036558, -31.10081683671594,
      75.94088169439787, -32.401620058045964, -9.209355440365583, 3.036778471910378,
      0.09689613875117782, 0.08261978142759019, 0.03880680461340303, -0.035866583617861686,
      -0.13649856164947055, -0.23522111537814638, -0.25769335446167907, -0.14042210829283433,
      -0.04058113256759341, -0.14042210829283436, -0.2576933544616792, -0.23522111537814652,
      -0.13649856164947066, -0.035866583617861506, 0.03880680461340283, 0.08261978142758997
    ],
    [
      3.0367784719103748, 0.43673711256680886, 0.11575387928743325, 0.03822622901585382,
      0.01440618972944107, 0.008697584609758238, 0.0144061897294409, 0.038226229015854124,
      0.11575387928743296, 0.4367371125668093, 3.036778471910357, -9.209355440365556,
      -32.401620058045964, 81.58908200807551, -36.43879268127972, -9.209355440365606,
      0.15663708516955088, 0.09244437889447617, -0.05480188911711792, -0.19818525592270692,
      -0.27816400144712683, -0.2703077433152191, -0.17204382834396809, -0.029603049854143068,
      0.04222595539375601, -0.029603049854142638, -0.17204382834396836, -0.2703077433152188,
      -0.2781640014471274, -0.19818525592270686, -0.054801889117118405, 0.09244437889447599
    ],
    [
      -9.209355440365577, 3.0367784719103543, 0.43673711256680825, 0.11575387928743305,
      0.038226229015853944, 0.014406189729440931, 0.00869758460975837, 0.014406189729440924,
      0.03822622901585391, 0.11575387928743311, 0.4367371125668083, 3.0367784719103557,
      -9.209355440365583, -36.43879268127972, 99.30461648250747, -48.05344586574923,
      0.0357913104826989, -0.2501214173381287, -0.5580671934584586, -0.5234687036499092,
      -0.3598890152712295, -0.1933032040977155, -0.05427868037380823, 0.040693683227382524,
      0.07490934706413092, 0.04069368322738265, -0.05427868037380751, -0.19330320409771556,
      -0.3598890152712302, -0.5234687036499086, -0.5580671934584585, -0.25012141733813026
    ],
    [
      -69.98605964405853, -9.209355440365563, 3.036778471910366, 0.43673711256680925,
      0.11575387928743316, 0.03822622901585379, 0.014406189729441122, 0.008697584609758342,
      0.014406189729441007, 0.03822622901585395, 0.11575387928743326, 0.4367371125668096,
      3.036778471910378, -9.209355440365606, -48.05344586574923, 153.13204646341643,
      -7.598288273454072, -5.527492629303095, -2.0437194633483826, -0.5988827093458955,
      -0.1733769740653991, -0.01460881881642917, 0.05170083617333866, 0.07907787961516317,
      0.08656060912842381, 0.07907787961516322, 0.05170083617333868, -0.014608818816429087,
      -0.17337697406539904, -0.5988827093458952, -2.043719463348378, -5.527492629303099
    ],
    [
      -17.190496949841148, -7.598288273454067, 0.035791310482697236, 0.1566370851695509,
      0.09689613875117772, 0.06474905090130578, 0.048531302682547954, 0.040808526925591414,
      0.03851057972838494, 0.040808526925591414, 0.04853130268254796, 0.06474905090130573,
      0.09689613875117782, 0.15663708516955088, 0.0357913104826989, -7.598288273454072,
      224.3837470780457, -87.09745401885459, -15.50074596184698, 5.11136006619034,
      0.7350949887899719, 0.19483138517492338, 0.06434055769858035, 0.024247808516145632,
      0.014639357812339607, 0.024247808516146125, 0.06434055769858013, 0.19483138517492388,
      0.7350949887899758, 5.1113600661903655, -15.500745961846986, -87.09745401885439
    ],
    [
      -10.367378158781666, -5.527492629303094, -0.25012141733813026, 0.09244437889447613,
      0.08261978142759002, 0.06215348235326164, 0.0491929334250741, 0.04245442459365816,
      0.040380511785986076, 0.04245442459365813, 0.04919293342507411, 0.062153482353261534,
      0.08261978142759019, 0.09244437889447617, -0.2501214173381287, -5.527492629303095,
      -87.09745401885459, 198.31308609773066, -71.2640333868446, -15.500745961846977,
      5.111360066190338, 0.7350949887899725, 0.19483138517492382, 0.0643405576985803,
      0.02424780851614573, 0.014639357812339868, 0.024247808516146142, 0.06434055769858021,
      0.19483138517492413, 0.7350949887899731, 5.111360066190319, -15.50074596184695
    ],
    [
      -2.3505000724663754, -2.0437194633483813, -0.5580671934584606, -0.054801889117118266,
      0.03880680461340313, 0.05210864617189083, 0.05043366450698581, 0.0475297900538542,
      0.04638960291864386, 0.04752979005385419, 0.05043366450698574, 0.052108646171891024,
      0.03880680461340303, -0.05480188911711792, -0.5580671934584586, -2.0437194633483826,
      -15.50074596184698, -71.2640333868446, 156.59610230864564, -59.36543621795604,
      -15.500745961846974, 5.111360066190338, 0.7350949887899728, 0.19483138517492393,
      0.06434055769857995, 0.02424780851614605, 0.014639357812339715, 0.024247808516145667,
      0.06434055769858046, 0.19483138517492382, 0.7350949887899703, 5.111360066190338
    ],
    [
      -0.2822667042184806, -0.5988827093458953, -0.5234687036499102, -0.1981852559227067,
      -0.03586658361786179, 0.026649576728213546, 0.048808661440351155, 0.056024367158963896,
      0.05765164934783776, 0.056024367158963924, 0.04880866144035127, 0.026649576728213373,
      -0.035866583617861686, -0.19818525592270692, -0.5234687036499092, -0.5988827093458955,
      5.11136006619034, -15.500745961846977, -59.36543621795604, 135.0962332455852,
      -54.32923772519904, -15.500745961846984, 5.111360066190343, 0.7350949887899728,
      0.19483138517492374, 0.06434055769858016, 0.02424780851614578, 0.014639357812339906,
      0.024247808516145775, 0.0643405576985803, 0.1948313851749231, 0.7350949887899719
    ],
    [
      0.03945214159324817, -0.17337697406539826, -0.35988901527123, -0.2781640014471273,
      -0.13649856164947033, -0.030632672889149268, 0.03277981115985184, 0.06489041946900917,
      0.07457530899021088, 0.06489041946900911, 0.03277981115985173, -0.030632672889149254,
      -0.13649856164947055, -0.27816400144712683, -0.3598890152712295, -0.1733769740653991,
      0.7350949887899719, 5.111360066190338, -15.500745961846974, -54.32923772519904,
      128.2282088106304, -53.52411359348603, -15.500745961846992, 5.111360066190342,
      0.7350949887899724, 0.19483138517492413, 0.06434055769858005, 0.02424780851614566,
      0.014639357812339604, 0.02424780851614605, 0.06434055769857965, 0.19483138517492335
    ],
    [
      0.09189738639326522, -0.014608818816429225, -0.1933032040977154, -0.27030774331521923,
      -0.235221115378146, -0.14051104805910047, -0.03244428604115277, 0.05166035709632971,
      0.08341826916185577, 0.05166035709632945, -0.032444286041152404, -0.14051104805910036,
      -0.23522111537814638, -0.2703077433152191, -0.1933032040977155, -0.01460881881642917,
      0.19483138517492338, 0.7350949887899725, 5.111360066190338, -15.500745961846984,
      -53.52411359348603, 130.0245663366669, -56.279193728371396, -15.500745961846988,
      5.1113600661903416, 0.7350949887899727, 0.19483138517492357, 0.06434055769857992,
      0.02424780851614607, 0.014639357812339417, 0.02424780851614581, 0.06434055769858021
    ],
    [
      0.09517471385692679, 0.05170083617333872, -0.0542786803738082, -0.17204382834396795,
      -0.25769335446167874, -0.27954615305094876, -0.2184331291274541, -0.10485968773485371,
      -0.04373931548626381, -0.10485968773485346, -0.2184331291274539, -0.27954615305094854,
      -0.25769335446167907, -0.17204382834396809, -0.05427868037380823, 0.05170083617333866,
      0.06434055769858035, 0.19483138517492382, 0.7350949887899728, 5.111360066190343,
      -15.500745961846992, -56.279193728371396, 140.04719638835587, -63.02202711137469,
      -15.50074596184699, 5.111360066190347, 0.735094988789972, 0.1948313851749237,
      0.06434055769858023, 0.024247808516146104, 0.014639357812339562, 0.02424780851614548
    ],
    [
      0.09123842880668895, 0.07907787961516308, 0.04069368322738261, -0.02960304985414297,
      -0.14042210829283433, -0.2974446074256897, -0.48390681199509666, -0.6398446168350116,
      -0.6991824585238231, -0.6398446168350116, -0.48390681199509666, -0.2974446074256898,
      -0.14042210829283433, -0.029603049854143068, 0.040693683227382524, 0.07907787961516317,
      0.024247808516145632, 0.0643405576985803, 0.19483138517492393, 0.7350949887899728,
      5.111360066190342, -15.500745961846988, -63.02202711137469, 156.0262508130304,
      -70.72627745567642, -15.500745961846992, 5.1113600661903416, 0.7350949887899727,
      0.19483138517492407, 0.06434055769858033, 0.024247808516145806, 0.01463935781233968
    ],
    [
      0.08936078125128806, 0.08656060912842373, 0.07490934706413097, 0.04222595539375623,
      -0.04058113256759338, -0.23009254462932324, -0.5897740470897294, -1.0518898709867663,
      -1.2859304420992377, -1.0518898709867666, -0.5897740470897297, -0.2300925446293237,
      -0.04058113256759341, 0.04222595539375601, 0.07490934706413092, 0.08656060912842381,
      0.014639357812339607, 0.02424780851614573, 0.06434055769857995, 0.19483138517492374,
      0.7350949887899724, 5.1113600661903416, -15.50074596184699, -70.72627745567642,
      164.79351089271668, -70.7262774556764, -15.500745961846983, 5.111360066190338,
      0.7350949887899731, 0.1948313851749235, 0.06434055769857969, 0.024247808516145813
    ],
    [
      0.091238428806689, 0.07907787961516329, 0.04069368322738254, -0.029603049854142638,
      -0.14042210829283414, -0.2974446074256897, -0.48390681199509683, -0.6398446168350121,
      -0.6991824585238238, -0.6398446168350123, -0.483906811995097, -0.2974446074256896,
      -0.14042210829283436, -0.029603049854142638, 0.04069368322738265, 0.07907787961516322,
      0.024247808516146125, 0.014639357812339868, 0.02424780851614605, 0.06434055769858016,
      0.19483138517492413, 0.7350949887899727, 5.111360066190347, -15.500745961846992,
      -70.7262774556764, 156.02625081303046, -63.022027111374676, -15.500745961847008,
      5.111360066190362, 0.7350949887899724, 0.1948313851749232, 0.06434055769858038
    ],
    [
      0.09517471385692684, 0.05170083617333865, -0.05427868037380773, -0.17204382834396828,
      -0.25769335446167835, -0.2795461530509483, -0.21843312912745427, -0.10485968773485406,
      -0.043739315486264044, -0.1048596877348538, -0.2184331291274541, -0.27954615305094827,
      -0.2576933544616792, -0.17204382834396836, -0.05427868037380751, 0.05170083617333868,
      0.06434055769858013, 0.024247808516146142, 0.014639357812339715, 0.02424780851614578,
      0.06434055769858005, 0.19483138517492357, 0.735094988789972, 5.1113600661903416,
      -15.500745961846983, -63.022027111374676, 140.04719638835593, -56.27919372837143,
      -15.500745961846993, 5.111360066190328, 0.7350949887899703, 0.19483138517492382
    ],
    [
      0.09189738639326517, -0.014608818816429087, -0.19330320409771515, -0.27030774331521934,
      -0.235221115378146, -0.14051104805910059, -0.03244428604115265, 0.05166035709632958,
      0.0834182691618558, 0.05166035709632945, -0.03244428604115221, -0.1405110480591008,
      -0.23522111537814652, -0.2703077433152188, -0.19330320409771556, -0.014608818816429087,
      0.19483138517492388, 0.06434055769858021, 0.024247808516145667, 0.014639357812339906,
      0.02424780851614566, 0.06434055769857992, 0.1948313851749237, 0.7350949887899727,
      5.111360066190338, -15.500745961847008, -56.27919372837143, 130.0245663366669,
      -53.52411359348597, -15.500745961846945, 5.111360066190321, 0.7350949887899725
    ],
    [
      0.039452141593248224, -0.1733769740653987, -0.3598890152712305, -0.27816400144712683,
      -0.1364985616494711, -0.030632672889149372, 0.03277981115985171, 0.0648904194690093,
      0.07457530899021095, 0.06489041946900938, 0.03277981115985157, -0.030632672889149212,
      -0.13649856164947066, -0.2781640014471274, -0.3598890152712302, -0.17337697406539904,
      0.7350949887899758, 0.19483138517492413, 0.06434055769858046, 0.024247808516145775,
      0.014639357812339604, 0.02424780851614607, 0.06434055769858023, 0.19483138517492407,
      0.7350949887899731, 5.111360066190362, -15.500745961846993, -53.52411359348597,
      128.2282088106303, -54.329237725199036, -15.500745961846993, 5.111360066190365
    ],
    [
      -0.2822667042184805, -0.5988827093458946, -0.5234687036499099, -0.19818525592270664,
      -0.03586658361786162, 0.026649576728213265, 0.048808661440351196, 0.05602436715896401,
      0.057651649347837806, 0.05602436715896384, 0.048808661440351335, 0.026649576728213272,
      -0.035866583617861506, -0.19818525592270686, -0.5234687036499086, -0.5988827093458952,
      5.1113600661903655, 0.7350949887899731, 0.19483138517492382, 0.0643405576985803,
      0.02424780851614605, 0.014639357812339417, 0.024247808516146104, 0.06434055769858033,
      0.1948313851749235, 0.7350949887899724, 5.111360066190328, -15.500745961846945,
      -54.329237725199036, 135.09623324558524, -59.365436217956166, -15.500745961847048
    ],
    [
      -2.3505000724663665, -2.043719463348377, -0.5580671934584607, -0.05480188911711906,
      0.038806804613402954, 0.05210864617189084, 0.05043366450698557, 0.0475297900538541,
      0.046389602918643774, 0.047529790053854076, 0.05043366450698556, 0.052108646171890795,
      0.03880680461340283, -0.054801889117118405, -0.5580671934584585, -2.043719463348378,
      -15.500745961846986, 5.111360066190319, 0.7350949887899703, 0.1948313851749231,
      0.06434055769857965, 0.02424780851614581, 0.014639357812339562, 0.024247808516145806,
      0.06434055769857969, 0.1948313851749232, 0.7350949887899703, 5.111360066190321,
      -15.500745961846993, -59.365436217956166, 156.59610230864595, -71.26403338684466
    ],
    [
      -10.367378158781664, -5.527492629303097, -0.25012141733813187, 0.0924443788944759,
      0.08261978142758991, 0.06215348235326151, 0.04919293342507414, 0.04245442459365811,
      0.040380511785986034, 0.042454424593658086, 0.0491929334250741, 0.06215348235326151,
      0.08261978142758997, 0.09244437889447599, -0.25012141733813026, -5.527492629303099,
      -87.09745401885439, -15.50074596184695, 5.111360066190338, 0.7350949887899719,
      0.19483138517492335, 0.06434055769858021, 0.02424780851614548, 0.01463935781233968,
      0.024247808516145813, 0.06434055769858038, 0.19483138517492382, 0.7350949887899725,
      5.111360066190365, -15.500745961847048, -71.26403338684466, 198.31308609773083
    ]
  ],
  "A3": [
    [
      193.5642295174415, -69.98605964405864, -9.209355440365583, 3.036778471910369,
      0.43673711256680986, 0.11575387928743319, 0.03822622901585393, 0.014406189729441219,
      0.008697584609758169, 0.014406189729441056, 0.038226229015854055, 0.11575387928743315,
      0.4367371125668112, 3.0367784719103748, -9.209355440365577, -69.98605964405853,
      -17.190496949841148, -10.367378158781666, -2.3505000724663754, -0.2822667042184806,
      0.03945214159324817, 0.09189738639326522, 0.09517471385692679, 0.09123842880668895,
      0.08936078125128806, 0.091238428806689, 0.09517471385692684, 0.09189738639326517,
      0.039452141593248224, -0.2822667042184805, -2.3505000724663665, -10.367378158781664, 0.0, 0.0,
      0.0, 0.0, 0.0, 0.0, 0.0, 0.0, 0.0, 0.0, 0.0, 0.0, 0.0, 0.0, 0.0, 0.0, 0.0, 0.0, 0.0, 0.0, 0.0,
      0.0, 0.0, 0.0, 0.0, 0.0, 0.0, 0.0, 0.0, 0.0, 0.0, 0.0, 0.0, 0.0, 0.0, 0.0, 0.0, 0.0, 0.0, 0.0,
      0.0, 0.0, 0.0, 0.0, 0.0, 0.0, 0.0, 0.0, 0.0, 0.0, 0.0, 0.0, 0.0, 0.0, 0.0, 0.0, 0.0, 0.0, 0.0,
      0.0, 0.0, 0.0, 0.0, 0.0
    ],
    [
      -69.98605964405864, 153.13204646341654, -48.05344586574924, -9.209355440365583,
      3.0367784719103668, 0.43673711256680947, 0.11575387928743308, 0.03822622901585382,
      0.014406189729441125, 0.008697584609758294, 0.01440618972944097, 0.038226229015853846,
      0.1157538792874334, 0.43673711256680886, 3.0367784719103543, -9.209355440365563,
      -7.598288273454067, -5.527492629303094, -2.0437194633483813, -0.5988827093458953,
      -0.17337697406539826, -0.014608818816429225, 0.05170083617333872, 0.07907787961516308,
      0.08656060912842373, 0.07907787961516329, 0.05170083617333865, -0.014608818816429087,
      -0.1733769740653987, -0.5988827093458946, -2.043719463348377, -5.527492629303097, 0.0, 0.0,
      0.0, 0.0, 0.0, 0.0, 0.0, 0.0, 0.0, 0.0, 0.0, 0.0, 0.0, 0.0, 0.0, 0.0, 0.0, 0.0, 0.0, 0.0, 0.0,
      0.0, 0.0, 0.0, 0.0, 0.0, 0.0, 0.0, 0.0, 0.0, 0.0, 0.0, 0.0, 0.0, 0.0, 0.0, 0.0, 0.0, 0.0, 0.0,
      0.0, 0.0, 0.0, 0.0, 0.0, 0.0, 0.0, 0.0, 0.0, 0.0, 0.0, 0.0, 0.0, 0.0, 0.0, 0.0, 0.0, 0.0, 0.0,
      0.0, 0.0, 0.0, 0.0, 0.0
    ],
    [
      -9.209355440365583, -48.05344586574924, 99.3046164825074, -36.43879268127966,
      -9.20935544036558, 3.036778471910365, 0.43673711256680936, 0.11575387928743325,
      0.0382262290158539, 0.014406189729441125, 0.008697584609758304, 0.014406189729440903,
      0.03822622901585393, 0.11575387928743325, 0.43673711256680825, 3.036778471910366,
      0.035791310482697236, -0.25012141733813026, -0.5580671934584606, -0.5234687036499102,
      -0.35988901527123, -0.1933032040977154, -0.0542786803738082, 0.04069368322738261,
      0.07490934706413097, 0.04069368322738254, -0.05427868037380773, -0.19330320409771515,
      -0.3598890152712305, -0.5234687036499099, -0.5580671934584607, -0.25012141733813187, 0.0, 0.0,
      0.0, 0.0, 0.0, 0.0, 0.0, 0.0, 0.0, 0.0, 0.0, 0.0, 0.0, 0.0, 0.0, 0.0, 0.0, 0.0, 0.0, 0.0, 0.0,
      0.0, 0.0, 0.0, 0.0, 0.0, 0.0, 0.0, 0.0, 0.0, 0.0, 0.0, 0.0, 0.0, 0.0, 0.0, 0.0, 0.0, 0.0, 0.0,
      0.0, 0.0, 0.0, 0.0, 0.0, 0.0, 0.0, 0.0, 0.0, 0.0, 0.0, 0.0, 0.0, 0.0, 0.0, 0.0, 0.0, 0.0, 0.0,
      0.0, 0.0, 0.0, 0.0, 0.0
    ],
    [
      3.036778471910369, -9.209355440365583, -36.43879268127966, 81.58908200807552,
      -32.401620058046014, -9.209355440365579, 3.0367784719103663, 0.43673711256680947,
      0.11575387928743319, 0.03822622901585376, 0.014406189729441077, 0.00869758460975846,
      0.014406189729441049, 0.03822622901585382, 0.11575387928743305, 0.43673711256680925,
      0.1566370851695509, 0.09244437889447613, -0.054801889117118266, -0.1981852559227067,
      -0.2781640014471273, -0.27030774331521923, -0.17204382834396795, -0.02960304985414297,
      0.04222595539375623, -0.029603049854142638, -0.17204382834396828, -0.27030774331521934,
      -0.27816400144712683, -0.19818525592270664, -0.05480188911711906, 0.0924443788944759, 0.0,
      0.0, 0.0, 0.0, 0.0, 0.0, 0.0, 0.0, 0.0, 0.0, 0.0, 0.0, 0.0, 0.0, 0.0, 0.0, 0.0, 0.0, 0.0, 0.0,
      0.0, 0.0, 0.0, 0.0, 0.0, 0.0, 0.0, 0.0, 0.0, 0.0, 0.0, 0.0, 0.0, 0.0, 0.0, 0.0, 0.0, 0.0, 0.0,
      0.0, 0.0, 0.0, 0.0, 0.0, 0.0, 0.0, 0.0, 0.0, 0.0, 0.0, 0.0, 0.0, 0.0, 0.0, 0.0, 0.0, 0.0, 0.0,
      0.0, 0.0, 0.0, 0.0, 0.0, 0.0
    ],
    [
      0.43673711256680986, 3.0367784719103668, -9.20935544036558, -32.401620058046014,
      75.94088169439802, -31.10081683671597, -9.209355440365583, 3.036778471910367,
      0.43673711256680936, 0.11575387928743339, 0.038226229015854034, 0.01440618972944101,
      0.008697584609758214, 0.01440618972944107, 0.038226229015853944, 0.11575387928743316,
      0.09689613875117772, 0.08261978142759002, 0.03880680461340313, -0.03586658361786179,
      -0.13649856164947033, -0.235221115378146, -0.25769335446167874, -0.14042210829283433,
      -0.04058113256759338, -0.14042210829283414, -0.25769335446167835, -0.235221115378146,
      -0.1364985616494711, -0.03586658361786162, 0.038806804613402954, 0.08261978142758991, 0.0,
      0.0, 0.0, 0.0, 0.0, 0.0, 0.0, 0.0, 0.0, 0.0, 0.0, 0.0, 0.0, 0.0, 0.0, 0.0, 0.0, 0.0, 0.0, 0.0,
      0.0, 0.0, 0.0, 0.0, 0.0, 0.0, 0.0, 0.0, 0.0, 0.0, 0.0, 0.0, 0.0, 0.0, 0.0, 0.0, 0.0, 0.0, 0.0,
      0.0, 0.0, 0.0, 0.0, 0.0, 0.0, 0.0, 0.0, 0.0, 0.0, 0.0, 0.0, 0.0, 0.0, 0.0, 0.0, 0.0, 0.0, 0.0,
      0.0, 0.0, 0.0, 0.0, 0.0, 0.0
    ],
    [
      0.11575387928743319, 0.43673711256680947, 3.036778471910365, -9.209355440365579,
      -31.10081683671597, 74.77577845582063, -31.168963041931992, -9.209355440365583,
      3.0367784719103668, 0.4367371125668095, 0.1157538792874332, 0.03822622901585391,
      0.014406189729441042, 0.008697584609758238, 0.014406189729440931, 0.03822622901585379,
      0.06474905090130578, 0.06215348235326164, 0.05210864617189083, 0.026649576728213546,
      -0.030632672889149268, -0.14051104805910047, -0.27954615305094876, -0.2974446074256897,
      -0.23009254462932324, -0.2974446074256897, -0.2795461530509483, -0.14051104805910059,
      -0.030632672889149372, 0.026649576728213265, 0.05210864617189084, 0.06215348235326151, 0.0,
      0.0, 0.0, 0.0, 0.0, 0.0, 0.0, 0.0, 0.0, 0.0, 0.0, 0.0, 0.0, 0.0, 0.0, 0.0, 0.0, 0.0, 0.0, 0.0,
      0.0, 0.0, 0.0, 0.0, 0.0, 0.0, 0.0, 0.0, 0.0, 0.0, 0.0, 0.0, 0.0, 0.0, 0.0, 0.0, 0.0, 0.0, 0.0,
      0.0, 0.0, 0.0, 0.0, 0.0, 0.0, 0.0, 0.0, 0.0, 0.0, 0.0, 0.0, 0.0, 0.0, 0.0, 0.0, 0.0, 0.0, 0.0,
      0.0, 0.0, 0.0, 0.0, 0.0, 0.0
    ],
    [
      0.03822622901585393, 0.11575387928743308, 0.43673711256680936, 3.0367784719103663,
      -9.209355440365583, -31.168963041931992, 75.88386705247234, -31.940313421768682,
      -9.209355440365583, 3.0367784719103668, 0.4367371125668095, 0.11575387928743315,
      0.03822622901585401, 0.0144061897294409, 0.00869758460975837, 0.014406189729441122,
      0.048531302682547954, 0.0491929334250741, 0.05043366450698581, 0.048808661440351155,
      0.03277981115985184, -0.03244428604115277, -0.2184331291274541, -0.48390681199509666,
      -0.5897740470897294, -0.48390681199509683, -0.21843312912745427, -0.03244428604115265,
      0.03277981115985171, 0.048808661440351196, 0.05043366450698557, 0.04919293342507414, 0.0, 0.0,
      0.0, 0.0, 0.0, 0.0, 0.0, 0.0, 0.0, 0.0, 0.0, 0.0, 0.0, 0.0, 0.0, 0.0, 0.0, 0.0, 0.0, 0.0, 0.0,
      0.0, 0.0, 0.0, 0.0, 0.0, 0.0, 0.0, 0.0, 0.0, 0.0, 0.0, 0.0, 0.0, 0.0, 0.0, 0.0, 0.0, 0.0, 0.0,
      0.0, 0.0, 0.0, 0.0, 0.0, 0.0, 0.0, 0.0, 0.0, 0.0, 0.0, 0.0, 0.0, 0.0, 0.0, 0.0, 0.0, 0.0, 0.0,
      0.0, 0.0, 0.0, 0.0, 0.0
    ],
    [
      0.014406189729441219, 0.03822622901585382, 0.11575387928743325, 0.43673711256680947,
      3.036778471910367, -9.209355440365583, -31.940313421768682, 77.71941003073958,
      -32.67751584141202, -9.209355440365583, 3.036778471910367, 0.4367371125668095,
      0.11575387928743341, 0.038226229015854124, 0.014406189729440924, 0.008697584609758342,
      0.040808526925591414, 0.04245442459365816, 0.0475297900538542, 0.056024367158963896,
      0.06489041946900917, 0.05166035709632971, -0.10485968773485371, -0.6398446168350116,
      -1.0518898709867663, -0.6398446168350121, -0.10485968773485406, 0.05166035709632958,
      0.0648904194690093, 0.05602436715896401, 0.0475297900538541, 0.04245442459365811, 0.0, 0.0,
      0.0, 0.0, 0.0, 0.0, 0.0, 0.0, 0.0, 0.0, 0.0, 0.0, 0.0, 0.0, 0.0, 0.0, 0.0, 0.0, 0.0, 0.0, 0.0,
      0.0, 0.0, 0.0, 0.0, 0.0, 0.0, 0.0, 0.0, 0.0, 0.0, 0.0, 0.0, 0.0, 0.0, 0.0, 0.0, 0.0, 0.0, 0.0,
      0.0, 0.0, 0.0, 0.0, 0.0, 0.0, 0.0, 0.0, 0.0, 0.0, 0.0, 0.0, 0.0, 0.0, 0.0, 0.0, 0.0, 0.0, 0.0,
      0.0, 0.0, 0.0, 0.0, 0.0
    ],
    [
      0.008697584609758169, 0.014406189729441125, 0.0382262290158539, 0.11575387928743319,
      0.43673711256680936, 3.0367784719103668, -9.209355440365583, -32.67751584141202,
      78.6096739399076, -32.67751584141202, -9.209355440365583, 3.036778471910366,
      0.4367371125668103, 0.11575387928743296, 0.03822622901585391, 0.014406189729441007,
      0.03851057972838494, 0.040380511785986076, 0.04638960291864386, 0.05765164934783776,
      0.07457530899021088, 0.08341826916185577, -0.04373931548626381, -0.6991824585238231,
      -1.2859304420992377, -0.6991824585238238, -0.043739315486264044, 0.0834182691618558,
      0.07457530899021095, 0.057651649347837806, 0.046389602918643774, 0.040380511785986034, 0.0,
      0.0, 0.0, 0.0, 0.0, 0.0, 0.0, 0.0, 0.0, 0.0, 0.0, 0.0, 0.0, 0.0, 0.0, 0.0, 0.0, 0.0, 0.0, 0.0,
      0.0, 0.0, 0.0, 0.0, 0.0, 0.0, 0.0, 0.0, 0.0, 0.0, 0.0, 0.0, 0.0, 0.0, 0.0, 0.0, 0.0, 0.0, 0.0,
      0.0, 0.0, 0.0, 0.0, 0.0, 0.0, 0.0, 0.0, 0.0, 0.0, 0.0, 0.0, 0.0, 0.0, 0.0, 0.0, 0.0, 0.0, 0.0,
      0.0, 0.0, 0.0, 0.0, 0.0, 0.0
    ],
    [
      0.014406189729441056, 0.008697584609758294, 0.014406189729441125, 0.03822622901585376,
      0.11575387928743339, 0.4367371125668095, 3.0367784719103668, -9.209355440365583,
      -32.67751584141202, 77.7194100307396, -31.9403134217687, -9.209355440365593,
      3.0367784719103756, 0.4367371125668093, 0.11575387928743311, 0.03822622901585395,
      0.040808526925591414, 0.04245442459365813, 0.04752979005385419, 0.056024367158963924,
      0.06489041946900911, 0.05166035709632945, -0.10485968773485346, -0.6398446168350116,
      -1.0518898709867666, -0.6398446168350123, -0.1048596877348538, 0.05166035709632945,
      0.06489041946900938, 0.05602436715896384, 0.047529790053854076, 0.042454424593658086, 0.0,
      0.0, 0.0, 0.0, 0.0, 0.0, 0.0, 0.0, 0.0, 0.0, 0.0, 0.0, 0.0, 0.0, 0.0, 0.0, 0.0, 0.0, 0.0, 0.0,
      0.0, 0.0, 0.0, 0.0, 0.0, 0.0, 0.0, 0.0, 0.0, 0.0, 0.0, 0.0, 0.0, 0.0, 0.0, 0.0, 0.0, 0.0, 0.0,
      0.0, 0.0, 0.0, 0.0, 0.0, 0.0, 0.0, 0.0, 0.0, 0.0, 0.0, 0.0, 0.0, 0.0, 0.0, 0.0, 0.0, 0.0, 0.0,
      0.0, 0.0, 0.0, 0.0, 0.0, 0.0
    ],
    [
      0.038226229015854055, 0.01440618972944097, 0.008697584609758304, 0.014406189729441077,
      0.038226229015854034, 0.1157538792874332, 0.4367371125668095, 3.036778471910367,
      -9.209355440365583, -31.9403134217687, 75.88386705247237, -31.168963041932013,
      -9.20935544036558, 3.036778471910357, 0.4367371125668083, 0.11575387928743326,
      0.04853130268254796, 0.04919293342507411, 0.05043366450698574, 0.04880866144035127,
      0.03277981115985173, -0.032444286041152404, -0.2184331291274539, -0.48390681199509666,
      -0.5897740470897297, -0.483906811995097, -0.2184331291274541, -0.03244428604115221,
      0.03277981115985157, 0.048808661440351335, 0.05043366450698556, 0.0491929334250741, 0.0, 0.0,
      0.0, 0.0, 0.0, 0.0, 0.0, 0.0, 0.0, 0.0, 0.0, 0.0, 0.0, 0.0, 0.0, 0.0, 0.0, 0.0, 0.0, 0.0, 0.0,
      0.0, 0.0, 0.0, 0.0, 0.0, 0.0, 0.0, 0.0, 0.0, 0.0, 0.0, 0.0, 0.0, 0.0, 0.0, 0.0, 0.0, 0.0, 0.0,
      0.0, 0.0, 0.0, 0.0, 0.0, 0.0, 0.0, 0.0, 0.0, 0.0, 0.0, 0.0, 0.0, 0.0, 0.0, 0.0, 0.0, 0.0, 0.0,
      0.0, 0.0, 0.0, 0.0, 0.0
    ],
    [
      0.11575387928743315, 0.038226229015853846, 0.014406189729440903, 0.00869758460975846,
      0.01440618972944101, 0.03822622901585391, 0.11575387928743315, 0.4367371125668095,
      3.036778471910366, -9.209355440365593, -31.168963041932013, 74.7757784558206,
      -31.10081683671594, -9.209355440365556, 3.0367784719103557, 0.4367371125668096,
      0.06474905090130573, 0.062153482353261534, 0.052108646171891024, 0.026649576728213373,
      -0.030632672889149254, -0.14051104805910036, -0.27954615305094854, -0.2974446074256898,
      -0.2300925446293237, -0.2974446074256896, -0.27954615305094827, -0.1405110480591008,
      -0.030632672889149212, 0.026649576728213272, 0.052108646171890795, 0.06215348235326151, 0.0,
      0.0, 0.0, 0.0, 0.0, 0.0, 0.0, 0.0, 0.0, 0.0, 0.0, 0.0, 0.0, 0.0, 0.0, 0.0, 0.0, 0.0, 0.0, 0.0,
      0.0, 0.0, 0.0, 0.0, 0.0, 0.0, 0.0, 0.0, 0.0, 0.0, 0.0, 0.0, 0.0, 0.0, 0.0, 0.0, 0.0, 0.0, 0.0,
      0.0, 0.0, 0.0, 0.0, 0.0, 0.0, 0.0, 0.0, 0.0, 0.0, 0.0, 0.0, 0.0, 0.0, 0.0, 0.0, 0.0, 0.0, 0.0,
      0.0, 0.0, 0.0, 0.0, 0.0, 0.0
    ],
    [
      0.4367371125668112, 0.1157538792874334, 0.03822622901585393, 0.014406189729441049,
      0.008697584609758214, 0.014406189729441042, 0.03822622901585401, 0.11575387928743341,
      0.4367371125668103, 3.0367784719103756, -9.20935544036558, -31.10081683671594,
      75.94088169439787, -32.401620058045964, -9.209355440365583, 3.036778471910378,
      0.09689613875117782, 0.08261978142759019, 0.03880680461340303, -0.035866583617861686,
      -0.13649856164947055, -0.23522111537814638, -0.25769335446167907, -0.14042210829283433,
      -0.04058113256759341, -0.14042210829283436, -0.2576933544616792, -0.23522111537814652,
      -0.13649856164947066, -0.035866583617861506, 0.03880680461340283, 0.08261978142758997, 0.0,
      0.0, 0.0, 0.0, 0.0, 0.0, 0.0, 0.0, 0.0, 0.0, 0.0, 0.0, 0.0, 0.0, 0.0, 0.0, 0.0, 0.0, 0.0, 0.0,
      0.0, 0.0, 0.0, 0.0, 0.0, 0.0, 0.0, 0.0, 0.0, 0.0, 0.0, 0.0, 0.0, 0.0, 0.0, 0.0, 0.0, 0.0, 0.0,
      0.0, 0.0, 0.0, 0.0, 0.0, 0.0, 0.0, 0.0, 0.0, 0.0, 0.0, 0.0, 0.0, 0.0, 0.0, 0.0, 0.0, 0.0, 0.0,
      0.0, 0.0, 0.0, 0.0, 0.0, 0.0
    ],
    [
      3.0367784719103748, 0.43673711256680886, 0.11575387928743325, 0.03822622901585382,
      0.01440618972944107, 0.008697584609758238, 0.0144061897294409, 0.038226229015854124,
      0.11575387928743296, 0.4367371125668093, 3.036778471910357, -9.209355440365556,
      -32.401620058045964, 81.58908200807551, -36.43879268127972, -9.209355440365606,
      0.15663708516955088, 0.09244437889447617, -0.05480188911711792, -0.19818525592270692,
      -0.27816400144712683, -0.2703077433152191, -0.17204382834396809, -0.029603049854143068,
      0.04222595539375601, -0.029603049854142638, -0.17204382834396836, -0.2703077433152188,
      -0.2781640014471274, -0.19818525592270686, -0.054801889117118405, 0.09244437889447599, 0.0,
      0.0, 0.0, 0.0, 0.0, 0.0, 0.0, 0.0, 0.0, 0.0, 0.0, 0.0, 0.0, 0.0, 0.0, 0.0, 0.0, 0.0, 0.0, 0.0,
      0.0, 0.0, 0.0, 0.0, 0.0, 0.0, 0.0, 0.0, 0.0, 0.0, 0.0, 0.0, 0.0, 0.0, 0.0, 0.0, 0.0, 0.0, 0.0,
      0.0, 0.0, 0.0, 0.0, 0.0, 0.0, 0.0, 0.0, 0.0, 0.0, 0.0, 0.0, 0.0, 0.0, 0.0, 0.0, 0.0, 0.0, 0.0,
      0.0, 0.0, 0.0, 0.0, 0.0, 0.0
    ],
    [
      -9.209355440365577, 3.0367784719103543, 0.43673711256680825, 0.11575387928743305,
      0.038226229015853944, 0.014406189729440931, 0.00869758460975837, 0.014406189729440924,
      0.03822622901585391, 0.11575387928743311, 0.4367371125668083, 3.0367784719103557,
      -9.209355440365583, -36.43879268127972, 99.30461648250747, -48.05344586574923,
      0.0357913104826989, -0.2501214173381287, -0.5580671934584586, -0.5234687036499092,
      -0.3598890152712295, -0.1933032040977155, -0.05427868037380823, 0.040693683227382524,
      0.07490934706413092, 0.04069368322738265, -0.05427868037380751, -0.19330320409771556,
      -0.3598890152712302, -0.5234687036499086, -0.5580671934584585, -0.25012141733813026, 0.0, 0.0,
      0.0, 0.0, 0.0, 0.0, 0.0, 0.0, 0.0, 0.0, 0.0, 0.0, 0.0, 0.0, 0.0, 0.0, 0.0, 0.0, 0.0, 0.0, 0.0,
      0.0, 0.0, 0.0, 0.0, 0.0, 0.0, 0.0, 0.0, 0.0, 0.0, 0.0, 0.0, 0.0, 0.0, 0.0, 0.0, 0.0, 0.0, 0.0,
      0.0, 0.0, 0.0, 0.0, 0.0, 0.0, 0.0, 0.0, 0.0, 0.0, 0.0, 0.0, 0.0, 0.0, 0.0, 0.0, 0.0, 0.0, 0.0,
      0.0, 0.0, 0.0, 0.0, 0.0
    ],
    [
      -69.98605964405853, -9.209355440365563, 3.036778471910366, 0.43673711256680925,
      0.11575387928743316, 0.03822622901585379, 0.014406189729441122, 0.008697584609758342,
      0.014406189729441007, 0.03822622901585395, 0.11575387928743326, 0.4367371125668096,
      3.036778471910378, -9.209355440365606, -48.05344586574923, 153.13204646341643,
      -7.598288273454072, -5.527492629303095, -2.0437194633483826, -0.5988827093458955,
